v_w_n:10
<<<<<<< HEAD
CL_out:1.0
A_proj:-97.62228267944056
=======
CL_out:1.06
A_proj:16.65127103075542
>>>>>>> 08336e1e0b6bdb77247886a2656120ed56fc2d3c
rho:1.18
lc:250
CD_out:0.147
CD_in:0.099
eff_in:0.652
eff_out:0.639
P_avg_e_req:20000
max_reel_speed:25
a_elev_out:0.5235987755982988
a_elev_in:1.2217304763960306
F_out:55.11666435281597
F_in:0.099
P_w:590.0
<<<<<<< HEAD
P_elec_opt_gamma:20000.678096072148
gamma_out_n:1.0
gamma_in_n:2.0
max_cycle_power:39803.36515587158
T_out_n:-0.0
T_out_elev_n:-523.6991754726118
T_in_n:-3628.6202471948063
T_in_elev_n:-2567.482900450444
P_out:-0.0
P_out_e:-0.0
P_out_elev:-5236.991754726118
P_out_e_elev:-3346.43773126999
P_in:-72572.40494389612
P_in_e:-111307.36954585294
P_in_elev:-51349.65800900888
P_in_e_elev:-78757.14418559644
P_avg_mech:24190.801647965374
P_avg_elec:37102.45651528431
P_avg_mech_elev:13625.224833185546
P_avg_elec_elev:24021.422907685483
max_cycle_power_elev:-177008.717421624
P_avg_mech_verif:24190.801647965374
P_avg_elec_verif:37102.45651528431
P_avg_mech_elev_verif:13625.22483318555
P_avg_elec_elev_verif:24021.422907685486
A_proj_u:-81.27935056520488
cycle_time:106.33572102837468
t_in:13.743128435782108
t_out:92.59259259259258
gamma_out_init:0.27
A_proj_init:21.952
gamma_in_n_init:1.819090909090909
P_elec_opt_gamma_in:24021.422907685483
=======
P_elec_opt_gamma:19996.575471438307
gamma_out_n:0.43
gamma_in_n:1.778888888888889
max_cycle_power:38491.37972669302
T_out_n:17652.153788102347
T_out_elev_n:10329.31631323924
T_in_n:753.603009203506
T_in_elev_n:525.1527390857286
P_out:75904.26128884009
P_out_e:48502.82296356882
P_out_elev:44416.06014692873
P_out_e_elev:28381.862433887458
P_in:13405.760197053478
P_in_e:20560.981897321286
P_in_elev:9341.883725291684
P_in_e_elev:14328.042523453501
P_avg_mech:58321.30123904245
P_avg_elec:34940.19377310357
P_avg_mech_elev:33836.722727670116
P_avg_elec_elev:20000.000000000004
max_cycle_power_elev:52103.92619924314
P_avg_mech_verif:58518.457307431236
P_avg_elec_verif:35058.30964306355
P_avg_mech_elev_verif:33951.108296551814
P_avg_elec_elev_verif:20067.610311910117
A_proj_u:16.65127103075542
cycle_time:112.62690679046987
t_in:12.626906790469874
t_out:100.00000000000001
gamma_out_init:0.25
A_proj_init:12.301
gamma_in_n_init:1.97989898989899
P_elec_opt_gamma_in:20067.61031191012
>>>>>>> 08336e1e0b6bdb77247886a2656120ed56fc2d3c
