v_w_n:10
CL_out:1.4
A_proj:8.18
rho:1.18
lc:250
CD_out:0.2
CL_in:0.14
CD_in:0.07
eff_in:0.579
eff_out:0.591
P_avg_e_n:20000
max_reel_speed:25
a_elev_out:0.3490658503988659
a_elev_in:1.2217304763960306
F_out:68.59999999999997
F_in:0.07
P_w:590.0
P_elec_opt_gamma:20002.16937086949
gamma_out_n:0.28
gamma_in_n:2.0
max_cycle_power:40698.94087187867
T_out_n:17163.04826879999
T_out_elev_n:14408.298037475986
T_in_n:304.05060000000003
T_in_elev_n:215.13541324011365
P_out:48056.53515263998
P_out_e:28401.412275210227
P_out_elev:40343.23450493276
P_out_e_elev:23842.851592415263
P_in:6081.012000000001
P_in_e:10502.611398963732
P_in_elev:4302.708264802273
P_in_e_elev:7431.275068743133
P_avg_mech:41408.06444968418
P_avg_elec:23623.72515732921
P_avg_mech_elev:34860.39942794775
P_avg_elec_elev:20002.16937086949
max_cycle_power_elev:40698.94087187867
P_avg_mech_verif:41408.06444968419
P_avg_elec_verif:23623.72515732921
P_avg_mech_elev_verif:34860.399427947756
P_avg_elec_elev_verif:20002.169370869495
A_proj_u:8.179112823545116
cycle_time:101.78571428571428
t_in:12.499999999999998
t_out:89.28571428571426
