<<<<<<< HEAD
v_w_n:10.44
CL_out:1.06
A_proj:14.633421893100492
=======
v_w_n:10
<<<<<<< HEAD
CL_out:1.0
A_proj:-97.62228267944056
=======
CL_out:1.06
A_proj:16.65127103075542
>>>>>>> 08336e1e0b6bdb77247886a2656120ed56fc2d3c
>>>>>>> a0cd5aa498fa080e47c4154af2d60de81f1c60b2
rho:1.18
lc:250
CD_out:0.147
CD_in:0.099
eff_in:0.652
eff_out:0.639
P_avg_e_req:20000
max_reel_speed:25
a_elev_out:0.5235987755982988
a_elev_in:1.2217304763960306
SF_supercap:1.2
diameter_drum:0.46586
drum_circum:1.463542353601341
SF_force:1.35
rpm_min:1500
rpm_n:1525
rpm_max:3000
F_out:55.11666435281597
F_in:0.099
<<<<<<< HEAD
P_w:671.3569785599998
P_elec_opt_gamma:22755.792414952357
=======
P_w:590.0
<<<<<<< HEAD
P_elec_opt_gamma:20000.678096072148
gamma_out_n:1.0
gamma_in_n:2.0
max_cycle_power:39803.36515587158
T_out_n:-0.0
T_out_elev_n:-523.6991754726118
T_in_n:-3628.6202471948063
T_in_elev_n:-2567.482900450444
P_out:-0.0
P_out_e:-0.0
P_out_elev:-5236.991754726118
P_out_e_elev:-3346.43773126999
P_in:-72572.40494389612
P_in_e:-111307.36954585294
P_in_elev:-51349.65800900888
P_in_e_elev:-78757.14418559644
P_avg_mech:24190.801647965374
P_avg_elec:37102.45651528431
P_avg_mech_elev:13625.224833185546
P_avg_elec_elev:24021.422907685483
max_cycle_power_elev:-177008.717421624
P_avg_mech_verif:24190.801647965374
P_avg_elec_verif:37102.45651528431
P_avg_mech_elev_verif:13625.22483318555
P_avg_elec_elev_verif:24021.422907685486
A_proj_u:-81.27935056520488
cycle_time:106.33572102837468
t_in:13.743128435782108
t_out:92.59259259259258
gamma_out_init:0.27
A_proj_init:21.952
gamma_in_n_init:1.819090909090909
P_elec_opt_gamma_in:24021.422907685483
=======
P_elec_opt_gamma:19996.575471438307
>>>>>>> a0cd5aa498fa080e47c4154af2d60de81f1c60b2
gamma_out_n:0.43
gamma_in_n:1.778888888888889
max_cycle_power:43802.6392449811
T_out_n:16903.976743533913
T_out_elev_n:9891.51379664998
T_in_n:721.6619509637018
T_in_elev_n:502.8944226789794
P_out:75885.33239707243
P_out_e:48490.72740172929
P_out_elev:44404.98373592109
P_out_e_elev:28374.784607253576
P_in:13402.417088517484
P_in_e:20555.85443024154
P_in_elev:9339.554060224935
P_in_e_elev:14324.469417522905
P_avg_mech:58321.30123904245
P_avg_elec:34940.19377310357
P_avg_mech_elev:33836.722727670116
P_avg_elec_elev:20000.000000000004
max_cycle_power_elev:52103.92619924314
P_avg_mech_verif:58503.86406159794
P_avg_elec_verif:35049.5668539563
P_avg_mech_elev_verif:33942.64161966932
P_avg_elec_elev_verif:20062.60588110242
A_proj_u:14.633421893100492
cycle_time:107.92787892060937
t_in:12.142438307582532
t_out:95.78544061302684
gamma_out_init:0.25
<<<<<<< HEAD
A_proj_init:12.302
gamma_in_n_init:1.9721212121212124
P_elec_opt_gamma_in:20062.60588110242
v_a_in:24.218273893369698
v_a_out:32.71984515319375
v_kc:31.978402163896614
E_out:754.9697911332855
E_in:48.31499620285326
SC_cap:57.97799544342391
=======
A_proj_init:12.301
gamma_in_n_init:1.97989898989899
P_elec_opt_gamma_in:20067.61031191012
>>>>>>> 08336e1e0b6bdb77247886a2656120ed56fc2d3c
>>>>>>> a0cd5aa498fa080e47c4154af2d60de81f1c60b2
