v_w_n:10
CL_out:1.0
A_proj:23.288946157674292
rho:1.18
lc:250
CD_out:0.2
CL_in:0.14
CD_in:0.07
eff_in:0.652
eff_out:0.639
P_avg_e_req:20000
max_reel_speed:25
a_elev_out:0.3490658503988659
a_elev_in:1.2217304763960306
F_out:24.999999999999996
F_in:0.07
P_w:590.0
P_elec_opt_gamma:20000.678096072148
gamma_out_n:0.35
gamma_in_n:1.778888888888889
max_cycle_power:39803.36515587158
T_out_n:14513.380133635648
T_out_elev_n:11945.194992529981
T_in_n:742.7493032302115
T_in_elev_n:517.5892695248375
P_out:50796.830467724765
P_out_e:32459.174668876127
P_out_elev:41808.18247385493
P_out_e_elev:26715.428600793304
P_in:13212.684827461873
P_in_e:20264.8540298495
P_in_elev:9207.338005658497
P_in_e_elev:14121.684057758432
P_avg_mech:40273.34543746183
P_avg_elec:23791.08018030693
P_avg_mech_elev:33420.975296899436
P_avg_elec_elev:20001.60266788944
max_cycle_power_elev:42227.515853195255
P_avg_mech_verif:40273.34543746182
P_avg_elec_verif:23791.080180306933
P_avg_mech_elev_verif:33420.97529689943
P_avg_elec_elev_verif:20001.60266788944
A_proj_u:23.287080084899745
cycle_time:106.33572102837468
t_in:13.743128435782108
t_out:92.59259259259258
gamma_out_init:0.27
A_proj_init:21.952
gamma_in_n_init:1.819090909090909
P_elec_opt_gamma_in:20001.60266788944
