v_w_n:10
v_w_adj:[ 7.          7.44827586  7.89655172  8.34482759  8.79310345  9.24137931
  9.68965517 10.13793103 10.5862069  11.03448276 11.48275862 11.93103448
 12.37931034 12.82758621 13.27586207 13.72413793 14.17241379 14.62068966
 15.06896552 15.51724138 15.96551724 16.4137931  16.86206897 17.31034483
 17.75862069 18.20689655 18.65517241 19.10344828 19.55172414 20.        ]
CL_out:1.0720464426913012
A_proj:14.548007464658028
T_out_target:10300
rho:1.18
lc:250
CD_out:0.15080275020115672
CD_in:0.04631988216543625
eff_in:0.652
eff_out:0.639
P_avg_e_req:20000
max_reel_speed:25
a_elev_out:0.5235987755982988
a_elev_in:1.2217304763960306
SF_supercap:1.2
diameter_drum:0.46586
drum_circum:1.463542353601341
SF_force:1.35
rpm_min:1500
rpm_n:1525
rpm_max:3000
rpm_motor:750
F_out:54.612481772533755
F_in:0.04631988216543625
P_w:590.0
P_elec_opt_gamma:24421.783496844055
gamma_out_n:0.41036362524919956
gamma_in_n:2.4261616161616164
max_cycle_power:45112.3073033442
T_out_n:16297.311793114297
T_out_elev_n:9732.684416512186
T_in_n:466.70092685232436
T_in_elev_n:339.7647849113733
P_out:66878.23949238916
P_out_e:42735.19503563667
P_out_elev:39939.39660566331
P_out_e_elev:25521.274431018854
P_in:11322.918749561595
P_in_e:17366.439799941098
P_in_elev:8243.242796753813
P_in_e_elev:12643.01042446904
P_avg_mech:55564.78092471852
P_avg_elec:34040.21697076168
P_avg_mech_elev:32968.75439504914
P_avg_elec_elev:20000.0
max_cycle_power_elev:45106.12944309266
P_avg_mech_verif:55564.780924718514
P_avg_elec_verif:34040.21697076169
P_avg_mech_elev_verif:32968.75439504913
P_avg_elec_elev_verif:19999.999999999993
A_proj_u:14.548007464658028
cycle_time:108.65384615384615
t_in:12.500000000000002
t_out:96.15384615384616
gamma_out_n_init:0.26
gamma_in_n_init:2.0
A_proj_init:14.55
P_elec_opt_gamma_in:21165.794675362788
v_a_in:29.233290056231457
v_a_out:32.36341440630239
v_kc:31.648504331046535
E_out:681.6579714592914
E_in:43.89934178674808
SC_cap:52.679210144097695
rpm_n_out:168.23440370116398
rpm_n_in:994.6394555066576
GR_min:0.11215626913410932
GR_n:0.11031764177125507
GR_max:0.05607813456705466
GR_motor:1.3261859406755434
gamma_out_v_w_adj:[0.19543493 0.23579454 0.27157184 0.3035053  0.33218279 0.35807814
 0.38157748 0.40299865 0.42260565 0.44061957 0.45722701 0.47258648
 0.48683358 0.5000849  0.51244134 0.52399056 0.53480918 0.5449644
 0.55451541 0.56351459 0.57200841 0.58003829 0.58764122 0.59485037
 0.60169557 0.60820369 0.61439903 0.62030362 0.62593746 0.63131874]
P_out_e_adj_wind:[13.66594723 15.75307055 17.84019387 19.92731719 22.01444051 24.10156382
 26.18868714 28.27581046 30.36293378 32.4500571  34.53718042 36.62430374
 38.71142706 40.79855038 42.8856737  44.97279702 47.05992034 49.14704366
 51.23416697 53.32129029 55.40841361 57.49553693 59.58266025 61.66978357
 63.75690689 65.84403021 67.93115353 70.01827685 72.10540017 74.19252349]
