v_w_n:10
CL_out:1.0
A_proj:20.79
rho:1.18
lc:250
CD_out:0.2
CL_in:0.14
CD_in:0.07
eff_in:0.579
eff_out:0.591
P_avg_e_n:20000
max_reel_speed:25
F_out:24.999999999999996
F_in:0.07
P_w:590.0
max_power_m:37194.9396091703
max_power_e:19999.271931809923
gamma_out_n:0.28
gamma_in_n:1.597979797979798
T_out_n:15896.865599999996
T_in_n:579.5302104242426
P_out:44511.223679999996
P_out_e:26306.133194879996
P_in:9260.77568576921
P_in_e:15994.431236216253
A_proj_u:20.79075685443567
