v_w_n:10.44
CL_out:1.06
A_proj:12.302
rho:1.18
lc:250
CD_out:0.147
CD_in:0.099
eff_in:0.652
eff_out:0.639
P_avg_e_req:20000
max_reel_speed:25
a_elev_out:0.5235987755982988
a_elev_in:1.2217304763960306
SF_supercap:1.2
diameter_drum:0.46586
drum_circum:1.463542353601341
SF_force:1.35
rpm_min:1500
rpm_n:1525
rpm_max:3000
F_out:55.11666435281597
F_in:0.099
P_w:671.3569785599998
P_elec_opt_gamma:22755.792414952357
gamma_out_n:0.25
gamma_in_n:1.9721212121212124
max_cycle_power:43802.6392449811
T_out_n:24526.421339844084
T_out_elev_n:16546.605096018575
T_in_n:691.8261295753806
T_in_elev_n:488.5716505669016
P_out:64013.95969699306
P_out_e:40904.92024637856
P_out_elev:43186.639300608476
P_out_e_elev:27596.262513088815
P_in:14243.970445856807
P_in_e:21846.580438430683
P_in_elev:10059.17506415918
P_in_e_elev:15428.182613741074
P_avg_mech:55209.542355134174
P_avg_elec:33845.055516395245
P_avg_mech_elev:37196.212892462645
P_avg_elec_elev:22755.792414952357
max_cycle_power_elev:43802.6392449811
P_avg_mech_verif:55209.54235513418
P_avg_elec_verif:33845.055516395245
P_avg_mech_elev_verif:37196.21289246265
P_avg_elec_elev_verif:22755.792414952353
A_proj_u:10.81219214490339
cycle_time:107.92787892060937
t_in:12.142438307582532
t_out:95.78544061302684
