v_w_n:10,
v_w_adj:[ 7.          7.44827586  7.89655172  8.34482759  8.79310345  9.24137931
  9.68965517 10.13793103 10.5862069  11.03448276 11.48275862 11.93103448
 12.37931034 12.82758621 13.27586207 13.72413793 14.17241379 14.62068966
 15.06896552 15.51724138 15.96551724 16.4137931  16.86206897 17.31034483
 17.75862069 18.20689655 18.65517241 19.10344828 19.55172414 20.        ],
CL_out:1.0664849545289559,
A_proj:14.917760235677619,
T_out_target:10300,
rho:1.18,
lc:250,
CD_out:0.15129877103794775,
CD_in:0.04609426296584271,
eff_in:0.652,
eff_out:0.639,
P_avg_e_req:20000,
max_reel_speed:25,
a_elev_out:0.5235987755982988,
a_elev_in:1.2217304763960306,
SF_supercap:1.2,
diameter_drum:0.46586,
drum_circum:1.463542353601341,
SF_force:1.35,
rpm_min:1500,
rpm_n:1525,
rpm_max:3000,
rpm_motor:750,
F_out:53.40181710710985,
F_in:0.04609426296584271,
P_w:590.0,
P_elec_opt_gamma:23864.937846547964,
gamma_out_n:0.41075427474962745,
gamma_in_n:2.4261616161616164,
max_cycle_power:44112.245144378714,
T_out_n:16319.413645132976,
T_out_elev_n:9742.08445744031,
T_in_n:476.2315898800649,
T_in_elev_n:346.7032405418839,
P_out:67032.68916145769,
P_out_e:42833.88837417147,
P_out_elev:40016.02835865512,
P_out_e_elev:25570.242121180625,
P_in:11554.148037706344,
P_in_e:17721.085947402367,
P_in_elev:8411.580944015666,
P_in_e_elev:12901.197766895193,
P_avg_mech:55654.17793311068,
P_avg_elec:34066.1929202358,
P_avg_mech_elev:33004.24221416446,
P_avg_elec_elev:20000.000000000004,
max_cycle_power_elev:45227.20938290556,
P_avg_mech_verif:55654.17793311067,
P_avg_elec_verif:34066.1929202358,
P_avg_mech_elev_verif:33004.242214164464,
P_avg_elec_elev_verif:20000.0,
A_proj_u:14.917760235677619,
cycle_time:108.65384615384615,
t_in:12.500000000000002,
t_out:96.15384615384616,
gamma_out_n_init:0.26,
gamma_in_n_init:2.0,
A_proj_init:14.55,
P_elec_opt_gamma_in:21145.372009444232,
v_a_in:29.233290056231457,
v_a_out:32.05584933791845,
v_kc:31.33449052852246,
E_out:682.96586916765,
E_in:44.79582561533386,
SC_cap:53.75499073840063,
rpm_n_out:168.39455601905215,
rpm_n_in:994.6394555066576,
GR_min:0.11226303734603477,
GR_n:0.11042265968462436,
GR_max:0.05613151867301738,
GR_motor:1.3261859406755434,
gamma_out_v_w_adj:[0.19633317 0.23663872 0.27236809 0.30425878 0.33289786 0.35875852
 0.38222639 0.40361886 0.42319959 0.44118939 0.45777458 0.47311348
 0.48734149 0.50057507 0.51291495 0.52444871 0.53525284 0.54539445
 0.55493267 0.5639198  0.57240224 0.58042136 0.58801411 0.5952136
 0.60204963 0.60854903 0.61473608 0.62063276 0.62625905 0.63163312],
P_out_e_adj_wind:[13.69272368 15.77786204 17.86300039 19.94813874 22.03327709 24.11841545
 26.2035538  28.28869215 30.3738305  32.45896885 34.54410721 36.62924556
 38.71438391 40.79952226 42.88466062 44.96979897 47.05493732 49.14007567
 51.22521402 53.31035238 55.39549073 57.48062908 59.56576743 61.65090579
 63.73604414 65.82118249 67.90632084 69.9914592  72.07659755 74.1617359 ],
Strut_area_av:0.6195316483355818,
flat_area:17.608387190374497,
flat_area_span:9.3868525927933,
chords:[0.86123628 1.36778052 1.71900554 1.94391515 2.08011961 2.14479973
 2.14565929 2.0828166  1.94892636 1.72766445 1.38561041 0.94294028],
