v_w_n:10
CL_out:1.06
A_proj:12.301
rho:1.18
lc:250
CD_out:0.147
CD_in:0.099
eff_in:0.652
eff_out:0.639
P_avg_e_req:20000
max_reel_speed:25
a_elev_out:0.5235987755982988
a_elev_in:1.2217304763960306
F_out:55.11666435281597
F_in:0.099
P_w:590.0
<<<<<<< HEAD
P_elec_opt_gamma:23351.587037936
gamma_out_n:0.28
gamma_in_n:1.7386868686868688
T_out_n:16785.377279999997
T_out_elev_n:14091.2450244264
T_in_n:679.9999873434695
T_in_elev_n:472.5620841545582
P_out:46999.056383999996
P_out_e:30032.397029376
P_out_elev:39455.486068393926
P_out_e_elev:25212.05559770372
P_in:11823.070487013274
P_in_e:18133.54369173815
P_in_elev:8216.374903588294
P_in_e_elev:12601.801999368548
P_avg_mech:38840.19045022723
P_avg_elec:23351.587037936
P_avg_mech_elev:32843.20692832212
P_avg_elec_elev:19967.1212339767
max_cycle_power_elev:39803.36515587158
P_avg_mech_verif:38840.19045022723
P_avg_elec_verif:23351.587037936
P_avg_mech_elev_verif:32843.206928322135
P_avg_elec_elev_verif:19967.121233976708
A_proj_u:21.98814715728351
cycle_time:103.66438157206761
t_in:14.378667286353336
t_out:89.28571428571428
=======
P_elec_opt_gamma:19996.575471438307
gamma_out_n:0.25
gamma_in_n:1.97989898989899
max_cycle_power:38491.37972669302
T_out_n:22500.796052269892
T_out_elev_n:15180.028976266882
T_in_n:638.0147376330899
T_in_elev_n:450.8115442393924
P_out:56251.990130674734
P_out_e:35945.021693501156
P_out_elev:37950.0724406672
P_out_e_elev:24250.09628958634
P_in:12632.04734580424
P_in_e:19374.305745098525
P_in_elev:8925.61321074377
P_in_e_elev:13689.590814024186
P_avg_mech:48529.21459369858
P_avg_elec:29743.022444971793
P_avg_mech_elev:32694.71268404272
P_avg_elec_elev:19996.575471438307
max_cycle_power_elev:38491.37972669302
P_avg_mech_verif:48529.21459369859
P_avg_elec_verif:29743.022444971797
P_avg_mech_elev_verif:32694.712684042715
P_avg_elec_elev_verif:19996.575471438307
A_proj_u:12.303106617000372
cycle_time:112.62690679046987
t_in:12.626906790469874
t_out:100.00000000000001
>>>>>>> 08336e1e0b6bdb77247886a2656120ed56fc2d3c
