v_w_n:10.44
CL_out:1.06
A_proj:14.633421893100492
rho:1.18
lc:250
CD_out:0.147
CD_in:0.099
eff_in:0.652
eff_out:0.639
P_avg_e_req:20000
max_reel_speed:25
a_elev_out:0.5235987755982988
a_elev_in:1.2217304763960306
SF_supercap:1.2
diameter_drum:0.46586
drum_circum:1.463542353601341
SF_force:1.35
rpm_min:1500
rpm_n:1525
rpm_max:3000
F_out:55.11666435281597
F_in:0.099
P_w:671.3569785599998
P_elec_opt_gamma:22755.792414952357
gamma_out_n:0.43
gamma_in_n:1.778888888888889
max_cycle_power:43802.6392449811
T_out_n:16903.976743533913
T_out_elev_n:9891.51379664998
T_in_n:721.6619509637018
T_in_elev_n:502.8944226789794
P_out:75885.33239707243
P_out_e:48490.72740172929
P_out_elev:44404.98373592109
P_out_e_elev:28374.784607253576
P_in:13402.417088517484
P_in_e:20555.85443024154
P_in_elev:9339.554060224935
P_in_e_elev:14324.469417522905
P_avg_mech:58321.30123904245
P_avg_elec:34940.19377310357
P_avg_mech_elev:33836.722727670116
P_avg_elec_elev:20000.000000000004
max_cycle_power_elev:52103.92619924314
P_avg_mech_verif:58503.86406159794
P_avg_elec_verif:35049.5668539563
P_avg_mech_elev_verif:33942.64161966932
P_avg_elec_elev_verif:20062.60588110242
A_proj_u:14.633421893100492
cycle_time:107.92787892060937
t_in:12.142438307582532
t_out:95.78544061302684
gamma_out_init:0.25
A_proj_init:12.302
gamma_in_n_init:1.9721212121212124
P_elec_opt_gamma_in:20062.60588110242
v_a_in:24.218273893369698
v_a_out:32.71984515319375
v_kc:31.978402163896614
E_out:754.9697911332855
E_in:48.31499620285326
SC_cap:57.97799544342391
