v_w_n:10
CL_out:1.06
A_proj:16.65127103075542
rho:1.18
lc:250
CD_out:0.147
CD_in:0.099
eff_in:0.652
eff_out:0.639
P_avg_e_req:20000
max_reel_speed:25
a_elev_out:0.5235987755982988
a_elev_in:1.2217304763960306
F_out:55.11666435281597
F_in:0.099
P_w:590.0
P_elec_opt_gamma:19996.575471438307
gamma_out_n:0.43
gamma_in_n:1.778888888888889
max_cycle_power:38491.37972669302
T_out_n:17652.153788102347
T_out_elev_n:10329.31631323924
T_in_n:753.603009203506
T_in_elev_n:525.1527390857286
P_out:75904.26128884009
P_out_e:48502.82296356882
P_out_elev:44416.06014692873
P_out_e_elev:28381.862433887458
P_in:13405.760197053478
P_in_e:20560.981897321286
P_in_elev:9341.883725291684
P_in_e_elev:14328.042523453501
P_avg_mech:58321.30123904245
P_avg_elec:34940.19377310357
P_avg_mech_elev:33836.722727670116
P_avg_elec_elev:20000.000000000004
max_cycle_power_elev:52103.92619924314
P_avg_mech_verif:58518.457307431236
P_avg_elec_verif:35058.30964306355
P_avg_mech_elev_verif:33951.108296551814
P_avg_elec_elev_verif:20067.610311910117
A_proj_u:16.65127103075542
cycle_time:112.62690679046987
t_in:12.626906790469874
t_out:100.00000000000001
gamma_out_init:0.25
A_proj_init:12.301
gamma_in_n_init:1.97989898989899
P_elec_opt_gamma_in:20067.61031191012
