v_w_n:10,
v_w_adj:[ 7.          7.44827586  7.89655172  8.34482759  8.79310345  9.24137931
  9.68965517 10.13793103 10.5862069  11.03448276 11.48275862 11.93103448
 12.37931034 12.82758621 13.27586207 13.72413793 14.17241379 14.62068966
 15.06896552 15.51724138 15.96551724 16.4137931  16.86206897 17.31034483
 17.75862069 18.20689655 18.65517241 19.10344828 19.55172414 20.        ],
CL_out:1.066484954528956,
A_proj:14.387380691941146,
T_out_target:11100,
rho:1.18,
lc:250,
CD_out:0.15185717683573052,
CD_in:0.04609426296584273,
eff_in:0.652,
eff_out:0.639,
P_avg_e_req:20000,
max_reel_speed:25,
a_elev_out:0.5235987755982988,
a_elev_in:1.2217304763960306,
SF_supercap:1.2,
diameter_drum:0.46586,
drum_circum:1.463542353601341,
SF_force:1.35,
rpm_min:1500,
rpm_n:1525,
rpm_max:3000,
rpm_motor:750,
F_out:53.01558592938205,
F_in:0.04609426296584273,
P_w:590.0,
P_elec_opt_gamma:27318.872500443187,
gamma_out_n:0.39357505746900484,
gamma_in_n:2.4496969696969697,
max_cycle_power:50113.8694567013,
T_out_n:16549.74947426101,
T_out_elev_n:10044.993402277563,
T_in_n:465.6316755347552,
T_in_elev_n:339.49668440036487,
P_out:65135.686004299096,
P_out_e:41621.70335674712,
P_out_elev:39534.58855577167,
P_out_e_elev:25262.602087138097,
P_in:11406.565045524123,
P_in_e:17494.7316649143,
P_in_elev:8316.639989977422,
P_in_e_elev:12755.582806713837,
P_avg_mech:54540.45608330969,
P_avg_elec:33438.612154529605,
P_avg_mech_elev:32910.86425330755,
P_avg_elec_elev:20000.0,
max_cycle_power_elev:43303.74281200021,
P_avg_mech_verif:54540.45608330967,
P_avg_elec_verif:33438.61215452959,
P_avg_mech_elev_verif:32910.864253307554,
P_avg_elec_elev_verif:19999.999999999996,
A_proj_u:14.387380691941146,
cycle_time:73.72562934823107,
t_in:10.20534388916378,
t_out:63.52028545906729,
gamma_out_n_init:0.26,
gamma_in_n_init:2.5,
A_proj_init:12.189375677733327,
P_elec_opt_gamma_in:22100.56205210295,
v_a_in:29.45625003408096,
v_a_out:33.14372181262228,
v_kc:32.421988875131284,
E_out:445.7465825826642,
E_in:36.15975254259992,
SC_cap:43.3917030511199,
rpm_n_out:161.35169159971383,
rpm_n_in:1004.2881083703508,
GR_min:0.10756779439980922,
GR_n:0.10580438793423858,
GR_max:0.05378389719990461,
GR_motor:1.3390508111604678,
gamma_out_v_w_adj:[0.19109634 0.23171707 0.26772584 0.2998659  0.32872893 0.35479182
 0.3784432  0.40000295 0.4197368  0.43786728 0.45458216 0.47004101
 0.48438028 0.49771734 0.51015371 0.52177766 0.53266628 0.5428872
 0.5525     0.5615574  0.57010618 0.57818801 0.58584013 0.59309592
 0.5999854  0.60653563 0.61277106 0.61871385 0.62438413 0.62980023],
P_out_e_adj_wind:[13.80943942 15.98559229 18.16174516 20.33789803 22.5140509  24.69020378
 26.86635665 29.04250952 31.21866239 33.39481526 35.57096814 37.74712101
 39.92327388 42.09942675 44.27557962 46.4517325  48.62788537 50.80403824
 52.98019111 55.15634398 57.33249685 59.50864973 61.6848026  63.86095547
 66.03710834 68.21326121 70.38941409 72.56556696 74.74171983 76.9178727 ],
Strut_area_av:0.6131363916147256,
flat_area:17.426620598102414,
flat_area_span:9.33827794864359,
chords:[0.85677959 1.36070259 1.71011011 1.93385587 2.06935551 2.13370092
 2.13455603 2.07203854 1.93884115 1.71872421 1.37844022 0.9380608 ],
