v_w_n:10
v_w_adj:[ 7.          7.44827586  7.89655172  8.34482759  8.79310345  9.24137931
  9.68965517 10.13793103 10.5862069  11.03448276 11.48275862 11.93103448
 12.37931034 12.82758621 13.27586207 13.72413793 14.17241379 14.62068966
 15.06896552 15.51724138 15.96551724 16.4137931  16.86206897 17.31034483
 17.75862069 18.20689655 18.65517241 19.10344828 19.55172414 20.        ]
CL_out:1.06
A_proj:16.65
T_out_target:10300
rho:1.18
lc:250
CD_out:0.147
CD_in:0.099
eff_in:0.652
eff_out:0.639
P_avg_e_req:20000
max_reel_speed:25
a_elev_out:0.5235987755982988
a_elev_in:1.2217304763960306
SF_supercap:1.2
diameter_drum:0.46586
drum_circum:1.463542353601341
SF_force:1.35
rpm_min:1500
rpm_n:1525
rpm_max:3000
rpm_motor:750
F_out:55.11666435281597
F_in:0.099
P_w:590.0
P_elec_opt_gamma:27066.305691620546
gamma_out_n:0.25
gamma_in_n:1.9721212121212124
max_cycle_power:52099.94898377682
T_out_n:30455.91856518118
T_out_elev_n:20546.905329228808
T_in_n:859.0817213672731
T_in_elev_n:606.6885256818435
P_out:76139.79641295294
P_out_e:48653.329907876934
P_out_elev:51367.263323072024
P_out_e_elev:32823.681263443024
P_in:16942.132856540044
P_in_e:25984.86634438657
P_in_elev:11964.633106477086
P_in_e_elev:18350.66427373786
P_avg_mech:65667.60336135991
P_avg_elec:40256.15113955327
P_avg_mech_elev:44242.10110373777
P_avg_elec_elev:27066.305691620546
max_cycle_power_elev:52099.94898377682
P_avg_mech_verif:65667.6033613599
P_avg_elec_verif:40256.15113955327
P_avg_mech_elev_verif:44242.101103737776
P_avg_elec_elev_verif:27066.305691620542
A_proj_u:12.303119745783905
cycle_time:112.67670559311618
t_in:12.676705593116164
t_out:100.0
