v_w_n:10
CL_out:1.0
A_proj:24.185
rho:1.18
lc:250
CD_out:0.2
CL_in:0.14
CD_in:0.07
eff_in:0.579
eff_out:0.591
P_avg_e_n:20000
max_reel_speed:25
a_elev_out:0.3490658503988659
a_elev_in:1.2217304763960306
F_out:24.999999999999996
F_in:0.07
P_w:590.0
max_power_m:43268.860723799124
max_power_e:23265.146304512888
gamma_out_n:0.28
gamma_in_n:1.597979797979798
power_m_elev:35882.119573274205
power_e_elev:19950.02950041449
max_cycle_power:43852.24062931642
T_out_n:18492.818399999996
T_out_n_angle:15524.633788071811
T_in_n:674.1672986585045
P_out:51779.89151999999
P_out_e:30601.915888319993
P_in:10773.057237149033
P_in_e:18606.316471759987
A_proj_u:20.79075685443567
cycle_time:104.93046776232615
t_in:15.644753476611882
t_out:89.28571428571426
