v_w_n:10
v_w_adj:[ 7.          7.44827586  7.89655172  8.34482759  8.79310345  9.24137931
  9.68965517 10.13793103 10.5862069  11.03448276 11.48275862 11.93103448
 12.37931034 12.82758621 13.27586207 13.72413793 14.17241379 14.62068966
 15.06896552 15.51724138 15.96551724 16.4137931  16.86206897 17.31034483
 17.75862069 18.20689655 18.65517241 19.10344828 19.55172414 20.        ]
CL_out:1.06
A_proj:16.65127103075542
rho:1.18
lc:250
CD_out:0.147
CD_in:0.099
eff_in:0.652
eff_out:0.639
P_avg_e_req:20000
max_reel_speed:25
a_elev_out:0.5235987755982988
a_elev_in:1.2217304763960306
SF_supercap:1.2
diameter_drum:0.46586
drum_circum:1.463542353601341
SF_force:1.35
rpm_min:1500
rpm_n:1525
rpm_max:3000
rpm_motor:750
F_out:55.11666435281597
F_in:0.099
P_w:590.0
P_elec_opt_gamma:19998.17973683579
gamma_out_n:0.43
gamma_in_n:1.778888888888889
max_cycle_power:38494.5088527581
T_out_n:17647.751720249405
T_out_elev_n:10326.740403702579
T_in_n:753.4150768061047
T_in_elev_n:525.0217772768546
P_out:75885.33239707245
P_out_e:48490.727401729295
P_out_elev:44404.98373592109
P_out_e_elev:28374.784607253576
P_in:13402.417088517486
P_in_e:20555.854430241543
P_in_elev:9339.554060224935
P_in_e_elev:14324.469417522905
P_avg_mech:58321.30123904245
P_avg_elec:34940.19377310357
P_avg_mech_elev:33836.722727670116
P_avg_elec_elev:20000.000000000004
max_cycle_power_elev:52103.92619924314
P_avg_mech_verif:58503.864061597946
P_avg_elec_verif:35049.566853956305
P_avg_mech_elev_verif:33942.64161966932
P_avg_elec_elev_verif:20062.60588110242
A_proj_u:16.65127103075542
cycle_time:112.67670559311618
t_in:12.676705593116164
t_out:100.0
gamma_out_init:0.25
A_proj_init:12.302
gamma_in_n_init:1.9721212121212124
P_elec_opt_gamma_in:20062.605881102423
v_a_in:23.197580357633814
v_a_out:31.34084784788673
v_kc:30.630653413694066
E_out:788.1884619431501
E_in:50.44085603577881
SC_cap:60.52902724293457
rpm_n_out:176.28461476713602
rpm_n_in:729.2807964914336
GR_min:0.11752307651142402
GR_n:0.11559646869976133
GR_max:0.05876153825571201
GR_motor:0.9723743953219115
gamma_out_v_w_adj:[0.24208956 0.27964126 0.31292944 0.34264121 0.36932354 0.39341728
 0.41528172 0.43521256 0.45345545 0.4702161  0.48566812 0.499959
 0.51321489 0.52554429 0.53704105 0.54778677 0.55785271 0.5673014
 0.57618793 0.58456101 0.5924639  0.59993512 0.60700909 0.61371669
 0.62008564 0.62614098 0.6319053  0.63739909 0.64264097 0.64764786]
P_out_e_adj_wind:[15.00566244 16.99747521 18.98928798 20.98110076 22.97291353 24.9647263
 26.95653907 28.94835184 30.94016461 32.93197738 34.92379015 36.91560293
 38.9074157  40.89922847 42.89104124 44.88285401 46.87466678 48.86647955
 50.85829232 52.8501051  54.84191787 56.83373064 58.82554341 60.81735618
 62.80916895 64.80098172 66.79279449 68.78460726 70.77642004 72.76823281]
