v_w_n:10
CL_out:1.0
A_proj:21.952
rho:1.18
lc:250
CD_out:0.2
CL_in:0.14
CD_in:0.07
eff_in:0.652
eff_out:0.639
P_avg_e_req:20000
max_reel_speed:25
a_elev_out:0.3490658503988659
a_elev_in:1.2217304763960306
F_out:24.999999999999996
F_in:0.07
P_w:590.0
P_elec_opt_gamma:20000.678096072148
gamma_out_n:0.27
gamma_in_n:1.819090909090909
max_cycle_power:39803.36515587158
T_out_n:17254.875679999997
T_out_elev_n:14521.689330565421
T_in_n:720.5138075816201
T_in_elev_n:503.4831215577366
P_out:46588.164336
P_out_e:29769.837010704003
P_out_elev:39208.56119252664
P_out_e_elev:25054.270602024524
P_in:13106.801172462017
P_in_e:20102.45578598469
P_in_elev:9158.815693063918
P_in_e_elev:14047.26333292012
P_avg_mech:38873.01866323532
P_avg_elec:23324.201257607157
P_avg_mech_elev:32957.425015407236
P_avg_elec_elev:20000.678096072148
max_cycle_power_elev:39803.36515587158
P_avg_mech_verif:38873.01866323533
P_avg_elec_verif:23324.201257607165
P_avg_mech_elev_verif:32957.425015407236
P_avg_elec_elev_verif:20000.67809607215
A_proj_u:21.951255746984966
cycle_time:106.33572102837468
t_in:13.743128435782108
t_out:92.59259259259258
