v_w_n:10
v_w_adj:7
CL_out:1.06
A_proj:16.65127103075542
rho:1.18
lc:250
CD_out:0.147
CD_in:0.099
eff_in:0.652
eff_out:0.639
P_avg_e_req:20000
max_reel_speed:25
a_elev_out:0.5235987755982988
a_elev_in:1.2217304763960306
SF_supercap:1.2
diameter_drum:0.46586
drum_circum:1.463542353601341
SF_force:1.35
rpm_min:1500
rpm_n:1525
rpm_max:3000
F_out:55.11666435281597
F_in:0.099
P_w:590.0
P_elec_opt_gamma:19998.17973683579
gamma_out_n:0.43
gamma_in_n:1.778888888888889
max_cycle_power:38494.5088527581
T_out_n:17647.751720249405
T_out_elev_n:10326.740403702579
T_in_n:753.4150768061047
T_in_elev_n:525.0217772768546
P_out:75885.33239707245
P_out_e:48490.727401729295
P_out_elev:44404.98373592109
P_out_e_elev:28374.784607253576
P_in:13402.417088517486
P_in_e:20555.854430241543
P_in_elev:9339.554060224935
P_in_e_elev:14324.469417522905
P_avg_mech:58321.30123904245
P_avg_elec:34940.19377310357
P_avg_mech_elev:33836.722727670116
P_avg_elec_elev:20000.000000000004
max_cycle_power_elev:52103.92619924314
P_avg_mech_verif:58503.864061597946
P_avg_elec_verif:35049.566853956305
P_avg_mech_elev_verif:33942.64161966932
P_avg_elec_elev_verif:20062.60588110242
A_proj_u:16.65127103075542
cycle_time:112.67670559311618
t_in:12.676705593116164
t_out:100.0
gamma_out_init:0.25
A_proj_init:12.302
gamma_in_n_init:1.9721212121212124
P_elec_opt_gamma_in:20062.605881102423
v_a_in:23.197580357633814
v_a_out:31.34084784788673
v_kc:30.630653413694066
E_out:788.1884619431501
E_in:50.44085603577881
SC_cap:60.52902724293457
