v_w_n:10
CL_out:1.0
A_proj:21.952
rho:1.18
lc:250
CD_out:0.2
CL_in:0.14
CD_in:0.07
eff_in:0.652
eff_out:0.639
P_avg_e_req:20000
max_reel_speed:25
a_elev_out:0.3490658503988659
a_elev_in:1.2217304763960306
F_out:24.999999999999996
F_in:0.07
P_w:590.0
P_elec_opt_gamma:23351.587037936
gamma_out_n:0.28
gamma_in_n:1.7386868686868688
T_out_n:16785.377279999997
T_out_elev_n:14091.2450244264
T_in_n:679.9999873434695
T_in_elev_n:472.5620841545582
P_out:46999.056383999996
P_out_e:30032.397029376
P_out_elev:39455.486068393926
P_out_e_elev:25212.05559770372
P_in:11823.070487013274
P_in_e:18133.54369173815
P_in_elev:8216.374903588294
P_in_e_elev:12601.801999368548
P_avg_mech:38840.19045022723
P_avg_elec:23351.587037936
P_avg_mech_elev:32843.20692832212
P_avg_elec_elev:19967.1212339767
max_cycle_power_elev:39803.36515587158
P_avg_mech_verif:38840.19045022723
P_avg_elec_verif:23351.587037936
P_avg_mech_elev_verif:32843.206928322135
P_avg_elec_elev_verif:19967.121233976708
A_proj_u:21.98814715728351
cycle_time:103.66438157206761
t_in:14.378667286353336
t_out:89.28571428571428
