v_w_n:10,
v_w_adj:[ 7.          7.44827586  7.89655172  8.34482759  8.79310345  9.24137931
  9.68965517 10.13793103 10.5862069  11.03448276 11.48275862 11.93103448
 12.37931034 12.82758621 13.27586207 13.72413793 14.17241379 14.62068966
 15.06896552 15.51724138 15.96551724 16.4137931  16.86206897 17.31034483
 17.75862069 18.20689655 18.65517241 19.10344828 19.55172414 20.        ],
CL_out:1.066484954528956,
A_proj:15.56434421191047,
T_out_target:11100,
rho:1.18,
lc:250,
CD_out:0.147783069118453,
CD_in:0.10072437076796666,
eff_in:0.652,
eff_out:0.639,
P_avg_e_req:20000,
max_reel_speed:25,
a_elev_out:0.5235987755982988,
a_elev_in:1.2217304763960306,
SF_supercap:1.2,
diameter_drum:0.46586,
drum_circum:1.463542353601341,
SF_force:1.35,
rpm_min:1500,
rpm_n:1525,
rpm_max:3000,
rpm_motor:750,
F_out:55.9344719893016,
F_in:0.10072437076796666,
P_w:590.0,
P_elec_opt_gamma:27462.57953694824,
gamma_out_n:0.4133435633968887,
gamma_in_n:1.820909090909091,
max_cycle_power:52872.9953326397,
T_out_n:17677.87510260544,
T_out_elev_n:10525.640360064102,
T_in_n:736.030112089072,
T_in_elev_n:514.3900517829425,
P_out:73070.35888196072,
P_out_e:46691.959325572905,
P_out_elev:43507.056934630076,
P_out_e_elev:27801.009381228618,
P_in:13402.439222858284,
P_in_e:20555.888378616997,
P_in_elev:9366.57521564758,
P_in_e_elev:14365.912907434937,
P_avg_mech:57072.627185565645,
P_avg_elec:34250.90215719484,
P_avg_mech_elev:33725.273535777706,
P_avg_elec_elev:20000.0,
max_cycle_power_elev:49425.43536768408,
P_avg_mech_verif:57072.627185565645,
P_avg_elec_verif:34250.90215719484,
P_avg_mech_elev_verif:33725.27353577771,
P_avg_elec_elev_verif:20000.0,
A_proj_u:15.56434421191047,
cycle_time:74.21177991084825,
t_in:13.729405891163255,
t_out:60.482374019685,
gamma_out_n_init:0.25,
gamma_in_n_init:1.971818181818182,
A_proj_init:12.125590735276006,
P_elec_opt_gamma_in:21091.353343431925,
v_a_in:23.582377093641036,
v_a_out:32.62799911621702,
v_kc:31.923255496051663,
E_out:467.0752913515048,
E_in:54.7876248502955,
SC_cap:65.7451498203546,
rpm_n_out:169.45607172068787,
rpm_n_in:746.507575853221,
GR_min:0.11297071448045858,
GR_n:0.11111873555454943,
GR_max:0.05648535724022929,
GR_motor:0.9953434344709614,
gamma_out_v_w_adj:[0.21933706 0.25825812 0.29276019 0.32355543 0.35121076 0.37618311
 0.39884486 0.4195025  0.43841064 0.45578249 0.47179798 0.48660999
 0.50034927 0.51312827 0.52504428 0.53618185 0.54661486 0.55640811
 0.56561869 0.57429711 0.58248818 0.59023185 0.59756378 0.60451597
 0.61111718 0.61739333 0.62336786 0.62906199 0.63449501 0.63968448],
P_out_e_adj_wind:[14.5059504  16.57802692 18.65010344 20.72217995 22.79425647 24.86633299
 26.93840951 29.01048603 31.08256254 33.15463906 35.22671558 37.2987921
 39.37086862 41.44294513 43.51502165 45.58709817 47.65917469 49.73125121
 51.80332773 53.87540424 55.94748076 58.01955728 60.0916338  62.16371032
 64.23578683 66.30786335 68.37993987 70.45201639 72.52409291 74.59616942],
Strut_area_av:0.6630754094296792,
flat_area:18.845992092609798,
flat_area_span:9.711128716921442,
chords:[0.89098836 1.41503156 1.77838992 2.01106921 2.15197896 2.2188935
 2.21978276 2.15476912 2.01625354 1.78734796 1.4334774  0.97551489],
