v_w_n:10
v_w_adj:[ 7.          7.44827586  7.89655172  8.34482759  8.79310345  9.24137931
  9.68965517 10.13793103 10.5862069  11.03448276 11.48275862 11.93103448
 12.37931034 12.82758621 13.27586207 13.72413793 14.17241379 14.62068966
 15.06896552 15.51724138 15.96551724 16.4137931  16.86206897 17.31034483
 17.75862069 18.20689655 18.65517241 19.10344828 19.55172414 20.        ]
CL_out:1.0720464426912988
A_proj:14.229906916797995
T_out_target:11000
rho:1.18
lc:250
CD_out:0.15194860886761408
CD_in:0.04631988216543616
eff_in:0.652
eff_out:0.639
P_avg_e_req:20000
max_reel_speed:25
a_elev_out:0.5235987755982988
a_elev_in:1.2217304763960306
SF_supercap:1.2
diameter_drum:0.46586
drum_circum:1.463542353601341
SF_force:1.35
rpm_min:1500
rpm_n:1525
rpm_max:3000
rpm_motor:750
F_out:53.80403984259536
F_in:0.04631988216543616
P_w:590.0
P_elec_opt_gamma:24241.072217269695
gamma_out_n:0.3954775369388193
gamma_in_n:2.4496969696969697
max_cycle_power:44444.49878051981
T_out_n:16507.97653186599
T_out_elev_n:10001.763345613437
T_in_n:462.7894086269769
T_in_elev_n:337.4243593372914
P_out:65285.33898666194
P_out_e:41717.33161247698
P_out_elev:39554.72732968167
P_out_e_elev:25275.470763666588
P_in:11336.93811921358
P_in_e:17387.941900634327
P_in_elev:8265.874305705041
P_in_e_elev:12677.721327768468
P_avg_mech:54634.88877568148
P_avg_elec:33501.734314475216
P_avg_mech_elev:32907.69260278289
P_avg_elec_elev:20000.0
max_cycle_power_elev:43466.74093543223
P_avg_mech_verif:54634.888775681495
P_avg_elec_verif:33501.734314475216
P_avg_mech_elev_verif:32907.69260278289
P_avg_elec_elev_verif:20000.0
A_proj_u:14.229906916797995
cycle_time:106.15384615384613
t_in:9.999999999999998
t_out:96.15384615384615
gamma_out_n_init:0.26
gamma_in_n_init:2.5
A_proj_init:12.004419498931544
P_elec_opt_gamma_in:21996.121323595144
v_a_in:29.45625003408096
v_a_out:33.16995608503514
v_kc:32.45157095093955
E_out:675.0927025610833
E_in:35.21589260530734
SC_cap:42.2590711263688
rpm_n_out:162.1316401123618
rpm_n_in:1004.2881083703508
GR_min:0.10808776007490786
GR_n:0.10631582958187659
GR_max:0.05404388003745393
GR_motor:1.3390508111604678
gamma_out_v_w_adj:[0.19381417 0.23427132 0.27013509 0.30214573 0.33089254 0.35685047
 0.38040661 0.40187955 0.42153393 0.4395914  0.45623897 0.47163557
 0.4859171  0.49920045 0.51158675 0.52316389 0.53400866 0.54418842
 0.55376252 0.56278345 0.5712978  0.57934708 0.58696839 0.59419496
 0.6010567  0.60758055 0.61379087 0.61970973 0.62535718 0.63075147]
P_out_e_adj_wind:[13.87949834 16.04518264 18.21086693 20.37655123 22.54223553 24.70791983
 26.87360412 29.03928842 31.20497272 33.37065701 35.53634131 37.70202561
 39.86770991 42.0333942  44.1990785  46.3647628  48.53044709 50.69613139
 52.86181569 55.02749999 57.19318428 59.35886858 61.52455288 63.69023717
 65.85592147 68.02160577 70.18729007 72.35297436 74.51865866 76.68434296]
