v_w_n:10
v_w_adj:[ 7.          7.44827586  7.89655172  8.34482759  8.79310345  9.24137931
  9.68965517 10.13793103 10.5862069  11.03448276 11.48275862 11.93103448
 12.37931034 12.82758621 13.27586207 13.72413793 14.17241379 14.62068966
 15.06896552 15.51724138 15.96551724 16.4137931  16.86206897 17.31034483
 17.75862069 18.20689655 18.65517241 19.10344828 19.55172414 20.        ]
CL_out:1.0720464426912988
A_proj:12.004419498931544
T_out_target:11000
rho:1.18
lc:250
CD_out:0.15194860886761408
CD_in:0.04631988216543616
eff_in:0.652
eff_out:0.639
P_avg_e_req:20000
max_reel_speed:25
a_elev_out:0.5235987755982988
a_elev_in:1.2217304763960306
SF_supercap:1.2
diameter_drum:0.46586
drum_circum:1.463542353601341
SF_force:1.35
rpm_min:1500
rpm_n:1525
rpm_max:3000
rpm_motor:750
F_out:53.80403984259536
F_in:0.04631988216543616
P_w:590.0
P_elec_opt_gamma:24241.072217269695
gamma_out_n:0.26
gamma_in_n:2.5
max_cycle_power:44444.49878051981
T_out_n:20867.55180437611
T_out_elev_n:13995.541941237405
T_in_n:401.880292657382
T_in_elev_n:293.95003250924213
P_out:54255.63469137789
P_out_e:34669.350567790476
P_out_elev:36388.409047217254
P_out_e_elev:23252.193381171826
P_in:10047.007316434549
P_in_e:15409.520423979367
P_in_elev:7348.750812731054
P_in_e_elev:11271.090203575235
P_avg_mech:48198.13942977237
P_avg_elec:29951.775764217953
P_avg_mech_elev:32268.241814033725
P_avg_elec_elev:20000.0
max_cycle_power_elev:36668.756548529986
P_avg_mech_verif:48198.139429772375
P_avg_elec_verif:29951.775764217957
P_avg_mech_elev_verif:32268.241814033718
P_avg_elec_elev_verif:20000.000000000004
A_proj_u:12.004419498931544
cycle_time:106.15384615384613
t_in:9.999999999999998
t_out:96.15384615384615
