v_w_n:10
v_w_adj:[ 7.          7.44827586  7.89655172  8.34482759  8.79310345  9.24137931
  9.68965517 10.13793103 10.5862069  11.03448276 11.48275862 11.93103448
 12.37931034 12.82758621 13.27586207 13.72413793 14.17241379 14.62068966
 15.06896552 15.51724138 15.96551724 16.4137931  16.86206897 17.31034483
 17.75862069 18.20689655 18.65517241 19.10344828 19.55172414 20.        ]
CL_out:1.066484954528956
A_proj:12.189375677733327
T_out_target:11100
rho:1.18
lc:250
CD_out:0.15185717683573052
CD_in:0.04609426296584273
eff_in:0.652
eff_out:0.639
P_avg_e_req:20000
max_reel_speed:25
a_elev_out:0.5235987755982988
a_elev_in:1.2217304763960306
SF_supercap:1.2
diameter_drum:0.46586
drum_circum:1.463542353601341
SF_force:1.35
rpm_min:1500
rpm_n:1525
rpm_max:3000
rpm_motor:750
F_out:53.01558592938205
F_in:0.04609426296584273
P_w:590.0
P_elec_opt_gamma:27318.872500443187
gamma_out_n:0.26
gamma_in_n:2.5
max_cycle_power:50113.8694567013
T_out_n:20878.556971395836
T_out_elev_n:14002.922935329994
T_in_n:406.0845230644659
T_in_elev_n:297.025161316049
P_out:54284.24812562917
P_out_e:34687.63455227704
P_out_elev:36407.599631857986
P_out_e_elev:23264.456164757252
P_in:10152.113076611648
P_in_e:15570.725577625226
P_in_elev:7425.6290329012245
P_in_e_elev:11389.001584204332
P_avg_mech:48214.15612831663
P_avg_elec:29953.15135163408
P_avg_mech_elev:32278.382438800956
P_avg_elec_elev:20000.0
max_cycle_power_elev:36688.094983340416
P_avg_mech_verif:48214.15612831664
P_avg_elec_verif:29953.15135163408
P_avg_mech_elev_verif:32278.38243880096
P_avg_elec_elev_verif:20000.000000000004
A_proj_u:12.189375677733327
cycle_time:106.15384615384613
t_in:9.999999999999998
t_out:96.15384615384615
