v_w_adj:[ 0.5         0.74747475  0.99494949  1.24242424  1.48989899  1.73737374
  1.98484848  2.23232323  2.47979798  2.72727273  2.97474747  3.22222222
  3.46969697  3.71717172  3.96464646  4.21212121  4.45959596  4.70707071
  4.95454545  5.2020202   5.44949495  5.6969697   5.94444444  6.19191919
  6.43939394  6.68686869  6.93434343  7.18181818  7.42929293  7.67676768
  7.92424242  8.17171717  8.41919192  8.66666667  8.91414141  9.16161616
  9.40909091  9.65656566  9.9040404  10.15151515 10.3989899  10.64646465
 10.89393939 11.14141414 11.38888889 11.63636364 11.88383838 12.13131313
 12.37878788 12.62626263 12.87373737 13.12121212 13.36868687 13.61616162
 13.86363636 14.11111111 14.35858586 14.60606061 14.85353535 15.1010101
 15.34848485 15.5959596  15.84343434 16.09090909 16.33838384 16.58585859
 16.83333333 17.08080808 17.32828283 17.57575758 17.82323232 18.07070707
 18.31818182 18.56565657 18.81313131 19.06060606 19.30808081 19.55555556
 19.8030303  20.05050505 20.2979798  20.54545455 20.79292929 21.04040404
 21.28787879 21.53535354 21.78282828 22.03030303 22.27777778 22.52525253
 22.77272727 23.02020202 23.26767677 23.51515152 23.76262626 24.01010101
 24.25757576 24.50505051 24.75252525 25.        ]
A_proj_list:[ 7.    7.75  8.5   9.25 10.   10.75 11.5  12.25 13.   13.75 14.5  15.25
 16.   16.75 17.5  18.25 19.   19.75 20.5  21.25 22.   22.75 23.5  24.25
 25.  ]
F_out_list:[ 10.          17.36842105  24.73684211  32.10526316  39.47368421
  46.84210526  54.21052632  61.57894737  68.94736842  76.31578947
  83.68421053  91.05263158  98.42105263 105.78947368 113.15789474
 120.52631579 127.89473684 135.26315789 142.63157895 150.        ]
v_w_n:10
CL_out:1.06
A_proj:16.65
T_out_target:10300
T_out_max:10300
rho:1.18
lc:250
CD_out:0.15
CD_in:0.1
eff_in:0.639
eff_out:0.652
gamma_out_n:0.25
gamma_in_n:1.9466666666666668
P_avg_e_req:20000
max_reel_speed:25
a_elev_out:0.5235987755982988
a_elev_in:1.2217304763960306
SF_supercap:1.2
diameter_drum:0.46586
drum_circum:1.463542353601341
SF_force:1.35
rpm_min:1500
rpm_n:1525
rpm_max:3000
rpm_motor:750
Generator_lim:50000
F_out:52.93404444444445
F_in:0.1
P_w:590.0
P_elec_opt_gamma:44.77918416589034
T_out_n:29249.864190000004
T_out_elev_n:19733.247878191345
T_in_n:852.9592240000001
T_in_elev_n:601.3071952485647
P_out:73124.66047500001
P_out_e:47677.278629700006
P_out_elev:49333.119695478366
P_out_e_elev:32165.194041451898
P_in:16604.27289386667
P_in_e:25984.777611684927
P_in_elev:11705.44673417206
P_in_e_elev:18318.382995574426
P_avg_mech:62912.718134081944
P_avg_elec:39293.88831391265
P_avg_mech_elev:42386.393622301155
P_avg_elec_elev:26419.718657875303
max_cycle_power_elev:50036.791004019266
P_avg_mech_verif:62912.71813408196
P_avg_elec_verif:39293.88831391265
P_avg_mech_elev_verif:42386.393622301155
P_avg_elec_elev_verif:26419.718657875306
A_proj_u:12.604222032498365
cycle_time:112.84246575342465
t_in:12.842465753424657
t_out:99.99999999999999
v_a_in:24.74087616838252
v_a_out:43.31721560611383
v_kc:42.58441543635151
E_out:893.4776129773345
E_in:65.34811290749546
SC_cap:78.41773548899455
