v_w_n:10
v_w_adj:[ 7.          7.44827586  7.89655172  8.34482759  8.79310345  9.24137931
  9.68965517 10.13793103 10.5862069  11.03448276 11.48275862 11.93103448
 12.37931034 12.82758621 13.27586207 13.72413793 14.17241379 14.62068966
 15.06896552 15.51724138 15.96551724 16.4137931  16.86206897 17.31034483
 17.75862069 18.20689655 18.65517241 19.10344828 19.55172414 20.        ]
CL_out:1.066484954528956
A_proj:12.125590735276006
T_out_target:11100
rho:1.18
lc:250
CD_out:0.147783069118453
CD_in:0.10072437076796666
eff_in:0.652
eff_out:0.639
P_avg_e_req:20000
max_reel_speed:25
a_elev_out:0.5235987755982988
a_elev_in:1.2217304763960306
SF_supercap:1.2
diameter_drum:0.46586
drum_circum:1.463542353601341
SF_force:1.35
rpm_min:1500
rpm_n:1525
rpm_max:3000
rpm_motor:750
F_out:55.9344719893016
F_in:0.10072437076796666
P_w:590.0
P_elec_opt_gamma:27462.57953694824
gamma_out_n:0.25
gamma_in_n:1.971818181818182
max_cycle_power:52872.9953326397
T_out_n:22509.040727714524
T_out_elev_n:15185.591197792673
T_in_n:636.4055395270874
T_in_elev_n:449.42390956318775
P_out:56272.60181928631
P_out_e:35958.19256252395
P_out_elev:37963.977994481684
P_out_e_elev:24258.981938473797
P_in:12548.760138493206
P_in_e:19246.564629590805
P_in_elev:8861.82236220504
P_in_e_elev:13591.752089271531
P_avg_mech:48528.79063336594
P_avg_elec:29746.527984851466
P_avg_mech_elev:32695.117479715384
P_avg_elec_elev:20000.0
max_cycle_power_elev:38505.483624729575
P_avg_mech_verif:48528.790633365956
P_avg_elec_verif:29746.527984851466
P_avg_mech_elev_verif:32695.117479715384
P_avg_elec_elev_verif:20000.0
A_proj_u:12.125590735276006
cycle_time:112.67865375749192
t_in:12.678653757491931
t_out:100.0
