v_w_n:10
v_w_adj:[ 7.          7.44827586  7.89655172  8.34482759  8.79310345  9.24137931
  9.68965517 10.13793103 10.5862069  11.03448276 11.48275862 11.93103448
 12.37931034 12.82758621 13.27586207 13.72413793 14.17241379 14.62068966
 15.06896552 15.51724138 15.96551724 16.4137931  16.86206897 17.31034483
 17.75862069 18.20689655 18.65517241 19.10344828 19.55172414 20.        ]
CL_out:1.0720464426912975
A_proj:14.55140426734911
T_out_target:10300
rho:1.18
lc:250
CD_out:0.15081825844316146
CD_in:0.04631988216543614
eff_in:0.652
eff_out:0.639
P_avg_e_req:20000
max_reel_speed:25
a_elev_out:0.5235987755982988
a_elev_in:1.2217304763960306
SF_supercap:1.2
diameter_drum:0.46586
drum_circum:1.463542353601341
SF_force:1.35
rpm_min:1500
rpm_n:1525
rpm_max:3000
rpm_motor:750
F_out:54.60141765215436
F_in:0.04631988216543614
P_w:590.0
P_elec_opt_gamma:27940.708039152098
gamma_out_n:0.41036817597511804
gamma_in_n:2.4261616161616164
max_cycle_power:51612.90342081076
T_out_n:16297.56297588959
T_out_elev_n:9732.790249642025
T_in_n:466.80989648050866
T_in_elev_n:339.8441163207442
P_out:66880.01191255428
P_out_e:42736.327612122186
P_out_elev:39940.27381894011
P_out_e_elev:25521.834970302734
P_in:11325.562528853878
P_in_e:17370.494676156253
P_in_elev:8245.167504957531
P_in_e_elev:12645.96243091646
P_avg_mech:55565.8071319193
P_avg_elec:34040.51659174128
P_avg_mech_elev:32969.160129438365
P_avg_elec_elev:20000.0
max_cycle_power_elev:45107.52090617796
P_avg_mech_verif:55565.80713191931
P_avg_elec_verif:34040.516591741274
P_avg_mech_elev_verif:32969.16012943836
P_avg_elec_elev_verif:20000.0
A_proj_u:14.55140426734911
cycle_time:108.65384615384615
t_in:12.500000000000002
t_out:96.15384615384616
gamma_out_n_init:0.26
gamma_in_n_init:2.0
A_proj_init:16.65
P_elec_opt_gamma_in:21165.564521189266
v_a_in:29.233290056231457
v_a_out:32.35978046526524
v_kc:31.644794845830084
E_out:681.6729431282106
E_in:43.90959180914316
SC_cap:52.69151017097179
rpm_n_out:168.2362693359674
rpm_n_in:994.6394555066576
GR_min:0.11215751289064493
GR_n:0.11031886513833927
GR_max:0.05607875644532247
GR_motor:1.3261859406755434
gamma_out_v_w_adj:[0.19544527 0.23580426 0.27158101 0.30351397 0.33219103 0.35808598
 0.38158495 0.40300579 0.42261248 0.44062613 0.45723331 0.47259255
 0.48683943 0.50009055 0.51244679 0.52399584 0.53481429 0.54496935
 0.55452022 0.56351926 0.57201295 0.5800427  0.58764551 0.59485455
 0.60169964 0.60820766 0.61440292 0.62030741 0.62594116 0.63132236]
P_out_e_adj_wind:[13.66625491 15.75335508 17.84045526 19.92755543 22.01465561 24.10175578
 26.18885596 28.27595613 30.3630563  32.45015648 34.53725665 36.62435683
 38.711457   40.79855718 42.88565735 44.97275752 47.0598577  49.14695787
 51.23405805 53.32115822 55.4082584  57.49535857 59.58245874 61.66955892
 63.75665909 65.84375927 67.93085944 70.01795962 72.10505979 74.19215997]
