v_w_n:10
v_w_adj:[ 7.          7.44827586  7.89655172  8.34482759  8.79310345  9.24137931
  9.68965517 10.13793103 10.5862069  11.03448276 11.48275862 11.93103448
 12.37931034 12.82758621 13.27586207 13.72413793 14.17241379 14.62068966
 15.06896552 15.51724138 15.96551724 16.4137931  16.86206897 17.31034483
 17.75862069 18.20689655 18.65517241 19.10344828 19.55172414 20.        ]
CL_out:1.06
A_proj:12.057813856466508
T_out_target:11100
rho:1.18
lc:250
CD_out:0.147
CD_in:0.099
eff_in:0.639
eff_out:0.652
P_avg_e_req:20000
max_reel_speed:25
a_elev_out:0.5235987755982988
a_elev_in:1.2217304763960306
SF_supercap:1.2
diameter_drum:0.46586
drum_circum:1.463542353601341
SF_force:1.35
rpm_min:1500
rpm_n:1525
rpm_max:3000
rpm_motor:750
F_out:55.11666435281597
F_in:0.099
P_w:590.0
P_elec_opt_gamma:27616.94648498947
gamma_out_n:0.25
gamma_in_n:1.971818181818182
max_cycle_power:52099.94898377682
T_out_n:22055.96377697641
T_out_elev_n:14879.92551268953
T_in_n:622.0141324952067
T_in_elev_n:439.2608264178254
P_out:55139.90944244102
P_out_e:35951.220956471545
P_out_elev:37199.813781723824
P_out_e_elev:24254.278585683933
P_in:12264.987758019122
P_in_e:19194.034050108174
P_in_elev:8661.424840911484
P_in_e_elev:13554.655463085264
P_avg_mech:47555.479520130655
P_avg_elec:29746.25159198324
P_avg_mech_elev:32039.486195298006
P_avg_elec_elev:20000.000000000004
max_cycle_power_elev:37730.41962629324
P_avg_mech_verif:47555.47952013066
P_avg_elec_verif:29746.251591983244
P_avg_mech_elev_verif:32039.486195298006
P_avg_elec_elev_verif:20000.000000000007
A_proj_u:12.057813856466508
cycle_time:112.67865375749192
t_in:12.678653757491931
t_out:100.0
v_a_in:24.973726226704716
v_a_out:44.209835312797864
v_kc:43.49207753802905
E_out:673.7299612524265
E_in:47.737439876677314
SC_cap:57.28492785201278
