v_w_n:10
v_w_adj:[ 7.          7.44827586  7.89655172  8.34482759  8.79310345  9.24137931
  9.68965517 10.13793103 10.5862069  11.03448276 11.48275862 11.93103448
 12.37931034 12.82758621 13.27586207 13.72413793 14.17241379 14.62068966
 15.06896552 15.51724138 15.96551724 16.4137931  16.86206897 17.31034483
 17.75862069 18.20689655 18.65517241 19.10344828 19.55172414 20.        ]
CL_out:1.0720464426913001
A_proj:13.824123396864104
T_out_target:10300
rho:1.18
lc:250
CD_out:0.14656866641172872
CD_in:0.046319882165436234
eff_in:0.652
eff_out:0.639
P_avg_e_req:20000
max_reel_speed:25
a_elev_out:0.5235987755982988
a_elev_in:1.2217304763960306
SF_supercap:1.2
diameter_drum:0.46586
drum_circum:1.463542353601341
SF_force:1.35
rpm_min:1500
rpm_n:1525
rpm_max:3000
rpm_motor:750
F_out:57.76523476999003
F_in:0.046319882165436234
P_w:590.0
P_elec_opt_gamma:29903.762541815748
gamma_out_n:0.4108890953097582
gamma_in_n:2.0
max_cycle_power:54603.55447650761
T_out_n:16351.224436946104
T_out_elev_n:9759.75962673986
T_in_n:340.01616816187675
T_in_elev_n:240.5833727867181
P_out:67185.39816103596
P_out_e:42931.46942490198
P_out_elev:40101.78803471845
P_out_e_elev:25625.04255418509
P_in:6800.323363237535
P_in_e:10429.943808646525
P_in_elev:4811.667455734361
P_in_e_elev:7379.858060942272
P_avg_mech:54575.97276602725
P_avg_elec:33837.05572887676
P_avg_mech_elev:32447.16421580894
P_avg_elec_elev:20000.0
max_cycle_power_elev:45336.11261205
P_avg_mech_verif:54575.97276602725
P_avg_elec_verif:33837.05572887677
P_avg_mech_elev_verif:32447.164215808945
P_avg_elec_elev_verif:20000.000000000007
A_proj_u:13.824123396864104
cycle_time:105.76923076923077
t_in:9.615384615384615
t_out:96.15384615384615
gamma_out_n_init:0.26
gamma_in_n_init:2.6
A_proj_init:16.65
P_elec_opt_gamma_in:21107.07721075422
v_a_in:25.235056119023543
v_a_out:33.25502153186493
v_kc:32.56042922253335
E_out:684.4295559477863
E_in:19.711159366576275
SC_cap:23.65339123989153
rpm_n_out:168.44982762487854
rpm_n_in:819.928440777377
GR_min:0.11229988508325235
GR_n:0.1104589033605761
GR_max:0.056149942541626176
GR_motor:1.0932379210365026
gamma_out_v_w_adj:[0.197138   0.23739511 0.27308154 0.3049339  0.33353856 0.35936815
 0.38280781 0.40417457 0.42373178 0.44169995 0.45826521 0.47358568
 0.48779659 0.50101426 0.51333932 0.52485921 0.53565036 0.54577978
 0.55530654 0.56428286 0.57275511 0.5807646  0.58834822 0.59553906
 0.60236687 0.60885846 0.61503808 0.62092767 0.6265472  0.63191481]
P_out_e_adj_wind:[13.72055107 15.80500525 17.88945943 19.97391361 22.05836778 24.14282196
 26.22727614 28.31173032 30.3961845  32.48063868 34.56509286 36.64954703
 38.73400121 40.81845539 42.90290957 44.98736375 47.07181793 49.15627211
 51.24072628 53.32518046 55.40963464 57.49408882 59.578543   61.66299718
 63.74745135 65.83190553 67.91635971 70.00081389 72.08526807 74.16972225]
