v_w_n:10
v_w_adj:[ 7.          7.44827586  7.89655172  8.34482759  8.79310345  9.24137931
  9.68965517 10.13793103 10.5862069  11.03448276 11.48275862 11.93103448
 12.37931034 12.82758621 13.27586207 13.72413793 14.17241379 14.62068966
 15.06896552 15.51724138 15.96551724 16.4137931  16.86206897 17.31034483
 17.75862069 18.20689655 18.65517241 19.10344828 19.55172414 20.        ]
CL_out:1.06
A_proj:12.303121493609018
T_out_target:11000
rho:1.18
lc:250
CD_out:0.147
CD_in:0.099
eff_in:0.652
eff_out:0.639
P_avg_e_req:20000
max_reel_speed:25
a_elev_out:0.5235987755982988
a_elev_in:1.2217304763960306
SF_supercap:1.2
diameter_drum:0.46586
drum_circum:1.463542353601341
SF_force:1.35
rpm_min:1500
rpm_n:1525
rpm_max:3000
rpm_motor:750
F_out:55.11666435281597
F_in:0.099
P_w:590.0
P_elec_opt_gamma:27066.30184648508
gamma_out_n:0.25
gamma_in_n:1.971818181818182
max_cycle_power:52099.94898377682
T_out_n:22504.67665506826
T_out_elev_n:15182.64700199307
T_in_n:634.6685671156099
T_in_elev_n:448.19727515559015
P_out:56261.69163767065
P_out_e:35951.220956471545
P_out_elev:37956.61750498267
P_out_e_elev:24254.278585683925
P_in:12514.510200670527
P_in_e:19194.03405010817
P_in_elev:8837.635361931592
P_in_e_elev:13554.655463085264
P_avg_mech:48522.9618890848
P_avg_elec:29746.25159198324
P_avg_mech_elev:32691.306728222688
P_avg_elec_elev:20000.000000000004
max_cycle_power_elev:38498.018147641924
P_avg_mech_verif:48522.9618890848
P_avg_elec_verif:29746.251591983244
P_avg_mech_elev_verif:32691.306728222677
P_avg_elec_elev_verif:20000.0
A_proj_u:12.303121493609018
cycle_time:112.67865375749192
t_in:12.678653757491931
t_out:100.0
