v_w_n:10
v_w_adj:[ 7.          7.44827586  7.89655172  8.34482759  8.79310345  9.24137931
  9.68965517 10.13793103 10.5862069  11.03448276 11.48275862 11.93103448
 12.37931034 12.82758621 13.27586207 13.72413793 14.17241379 14.62068966
 15.06896552 15.51724138 15.96551724 16.4137931  16.86206897 17.31034483
 17.75862069 18.20689655 18.65517241 19.10344828 19.55172414 20.        ]
CL_out:1.0720464426912995
A_proj:11.952725006019612
T_out_target:11100
rho:1.18
lc:250
CD_out:0.14927169826336975
CD_in:0.10293127475722369
eff_in:0.639
eff_out:0.652
P_avg_e_req:20000
max_reel_speed:25
a_elev_out:0.5235987755982988
a_elev_in:1.2217304763960306
SF_supercap:1.2
diameter_drum:0.46586
drum_circum:1.463542353601341
SF_force:1.35
rpm_min:1500
rpm_n:1525
rpm_max:3000
rpm_motor:750
F_out:55.721738006062665
F_in:0.10293127475722369
P_w:590.0
P_elec_opt_gamma:27859.75581570689
gamma_out_n:0.25
gamma_in_n:1.9466666666666668
max_cycle_power:52671.90497631994
T_out_n:22103.758160658213
T_out_elev_n:14912.16971096177
T_in_n:630.2724318405851
T_in_elev_n:444.3205930235117
P_out:55259.39540164553
P_out_e:36029.12580187289
P_out_elev:37280.424277404425
P_out_e_elev:24306.836628867684
P_in:12269.303339830058
P_in_e:19200.787699264565
P_in_elev:8649.440877524361
P_in_e_elev:13535.901216783037
P_avg_mech:47574.035150339514
P_avg_elec:29743.4755551577
P_avg_mech_elev:32053.20138420312
P_avg_elec_elev:20000.0
max_cycle_power_elev:37812.179923432326
P_avg_mech_verif:47574.03515033951
P_avg_elec_verif:29743.475555157704
P_avg_mech_elev_verif:32053.20138420312
P_avg_elec_elev_verif:20000.0
A_proj_u:11.952725006019612
cycle_time:112.84246575342465
t_in:12.842465753424657
t_out:99.99999999999999
v_a_in:24.74087616838252
v_a_out:44.199697270258646
v_kc:43.48177214617329
E_out:675.1899068975874
E_in:48.28731887703966
SC_cap:57.944782652447586
