v_w_n:10
v_w_adj:[ 7.          7.44827586  7.89655172  8.34482759  8.79310345  9.24137931
  9.68965517 10.13793103 10.5862069  11.03448276 11.48275862 11.93103448
 12.37931034 12.82758621 13.27586207 13.72413793 14.17241379 14.62068966
 15.06896552 15.51724138 15.96551724 16.4137931  16.86206897 17.31034483
 17.75862069 18.20689655 18.65517241 19.10344828 19.55172414 20.        ]
CL_out:1.06
A_proj:15.786162898599297
T_out_target:11100
rho:1.18
lc:250
CD_out:0.147
CD_in:0.099
eff_in:0.652
eff_out:0.639
P_avg_e_req:20000
max_reel_speed:25
a_elev_out:0.5235987755982988
a_elev_in:1.2217304763960306
SF_supercap:1.2
diameter_drum:0.46586
drum_circum:1.463542353601341
SF_force:1.35
rpm_min:1500
rpm_n:1525
rpm_max:3000
rpm_motor:750
F_out:55.11666435281597
F_in:0.099
P_w:590.0
P_elec_opt_gamma:27066.30184648508
gamma_out_n:0.41326415329547384
gamma_in_n:1.820909090909091
max_cycle_power:52099.94898377682
T_out_n:17672.450039059884
T_out_elev_n:10523.253183939962
T_in_n:733.7396143222561
T_in_elev_n:512.7892894696494
P_out:73033.90102048646
P_out_e:46668.66275209085
P_out_elev:43488.833169748475
P_out_e_elev:27789.364395469278
P_in:13360.731340795264
P_in_e:20491.919234348563
P_in_elev:9337.42678916098
P_in_e_elev:14321.206731841992
P_avg_mech:57053.132884141465
P_avg_elec:34245.69549946009
P_avg_mech_elev:33717.344029273205
P_avg_elec_elev:20000.0
max_cycle_power_elev:49396.893793790616
P_avg_mech_verif:57053.13288414147
P_avg_elec_verif:34245.6954994601
P_avg_mech_elev_verif:33717.344029273205
P_avg_elec_elev_verif:20000.000000000007
A_proj_u:15.786162898599297
cycle_time:74.22340180308453
t_in:13.729405891163255
t_out:60.493995911921274
v_a_in:23.582377093641036
v_a_out:32.49297869400494
v_kc:31.785128431620752
E_out:466.96936041091135
E_in:54.61712784167101
SC_cap:65.5405534100052
gamma_out_n_init:0.25
gamma_in_n_init:1.971818181818182
A_proj_init:12.303121493609018
P_elec_opt_gamma_in:21096.13786911492
rpm_n_out:169.42351642037036
rpm_n_in:746.507575853221
GR_min:0.11294901094691358
GR_n:0.1110973878166363
GR_max:0.05647450547345679
GR_motor:0.9953434344709614
gamma_out_v_w_adj:[0.21922362 0.2581515  0.29265963 0.32346027 0.35112045 0.37609718
 0.3987629  0.41942417 0.43833562 0.45571052 0.47172882 0.48654343
 0.50028512 0.51306636 0.52498446 0.53612399 0.54655883 0.55635379
 0.56556599 0.57424593 0.58243844 0.59018347 0.59751669 0.6044701
 0.61107247 0.61734972 0.62332529 0.62902042 0.63445439 0.63964478]
P_out_e_adj_wind:[14.50328581 16.57576049 18.64823516 20.72070984 22.79318451 24.86565919
 26.93813386 29.01060854 31.08308321 33.15555789 35.22803256 37.30050723
 39.37298191 41.44545658 43.51793126 45.59040593 47.66288061 49.73535528
 51.80782996 53.88030463 55.95277931 58.02525398 60.09772866 62.17020333
 64.242678   66.31515268 68.38762735 70.46010203 72.5325767  74.60505138]
