v_w_n:10
v_w_adj:[ 7.          7.44827586  7.89655172  8.34482759  8.79310345  9.24137931
  9.68965517 10.13793103 10.5862069  11.03448276 11.48275862 11.93103448
 12.37931034 12.82758621 13.27586207 13.72413793 14.17241379 14.62068966
 15.06896552 15.51724138 15.96551724 16.4137931  16.86206897 17.31034483
 17.75862069 18.20689655 18.65517241 19.10344828 19.55172414 20.        ]
CL_out:1.06
A_proj:15.261192113651042
T_out_target:11100
rho:1.18
lc:250
CD_out:0.147
CD_in:0.099
eff_in:0.639
eff_out:0.652
P_avg_e_req:20000
max_reel_speed:25
a_elev_out:0.5235987755982988
a_elev_in:1.2217304763960306
SF_supercap:1.2
diameter_drum:0.46586
drum_circum:1.463542353601341
SF_force:1.35
rpm_min:1500
rpm_n:1525
rpm_max:3000
rpm_motor:750
F_out:55.11666435281597
F_in:0.099
P_w:590.0
P_elec_opt_gamma:27616.94648498947
gamma_out_n:0.40868178955456336
gamma_in_n:1.820909090909091
max_cycle_power:52099.94898377682
T_out_n:17352.653913606722
T_out_elev_n:10380.269674709942
T_in_n:709.3390133812533
T_in_elev_n:495.73641870332614
P_out:70917.13654933793
P_out_e:46237.97303016833
P_out_elev:42422.27186719424
P_out_e_elev:27659.321257410647
P_in:12916.418580024094
P_in_e:20213.487605671507
P_in_elev:9026.90951511602
P_in_e_elev:14126.61895949299
P_avg_mech:55550.52932323373
P_avg_elec:34057.48642649056
P_avg_mech_elev:32991.68812078631
P_avg_elec_elev:20000.0
max_cycle_power_elev:47754.194027197394
P_avg_mech_verif:55550.52932323373
P_avg_elec_verif:34057.48642649057
P_avg_mech_elev_verif:32991.68812078632
P_avg_elec_elev_verif:20000.000000000007
A_proj_u:15.261192113651042
cycle_time:74.90169357065193
t_in:13.729405891163253
t_out:61.172287679488676
v_a_in:23.582377093641036
v_a_out:32.82183777203069
v_kc:32.114742978666605
E_out:469.9955439809188
E_in:53.875023811067116
SC_cap:64.65002857328054
gamma_out_n_init:0.25
gamma_in_n_init:1.971818181818182
A_proj_init:12.057813856466508
P_elec_opt_gamma_in:21386.72760505169
rpm_n_out:167.54491124179063
rpm_n_in:746.507575853221
GR_min:0.11169660749452709
GR_n:0.10986551556838729
GR_max:0.055848303747263545
GR_motor:0.9953434344709614
gamma_out_v_w_adj:[0.21267738 0.25199926 0.28685663 0.31796901 0.34590914 0.37113866
 0.39403377 0.41490415 0.43400701 0.45155775 0.46773817 0.48270272
 0.49658349 0.50949409 0.52153281 0.53278508 0.54332553 0.55321963
 0.56252506 0.57129285 0.57956828 0.58739169 0.59479913 0.60182292
 0.60849211 0.61483289 0.62086894 0.62662171 0.63211068 0.6373536 ]
P_out_e_adj_wind:[14.34777184 16.44348424 18.53919663 20.63490903 22.73062142 24.82633382
 26.92204621 29.0177586  31.113471   33.20918339 35.30489579 37.40060818
 39.49632057 41.59203297 43.68774536 45.78345776 47.87917015 49.97488254
 52.07059494 54.16630733 56.26201973 58.35773212 60.45344452 62.54915691
 64.6448693  66.7405817  68.83629409 70.93200649 73.02771888 75.12343127]
