v_w_n:10
v_w_adj:[ 7.          7.44827586  7.89655172  8.34482759  8.79310345  9.24137931
  9.68965517 10.13793103 10.5862069  11.03448276 11.48275862 11.93103448
 12.37931034 12.82758621 13.27586207 13.72413793 14.17241379 14.62068966
 15.06896552 15.51724138 15.96551724 16.4137931  16.86206897 17.31034483
 17.75862069 18.20689655 18.65517241 19.10344828 19.55172414 20.        ]
CL_out:0.8186561143860591
A_proj:25.027113474270156
T_out_target:10300
rho:1.18
lc:250
CD_out:0.11795707755357274
CD_in:0.093586683573548
eff_in:0.652
eff_out:0.639
P_avg_e_req:20000
max_reel_speed:25
a_elev_out:0.5235987755982988
a_elev_in:1.2217304763960306
SF_supercap:1.2
diameter_drum:0.46586
drum_circum:1.463542353601341
SF_force:1.35
rpm_min:1500
rpm_n:1525
rpm_max:3000
rpm_motor:750
F_out:39.4538416210457
F_in:0.093586683573548
P_w:590.0
CL_in:0.16923076930945907
P_elec_opt_gamma:18937.491148416615
gamma_out_n:0.4388393338656913
gamma_in_n:1.5778787878787879
max_cycle_power:37294.40378525868
T_out_n:18345.371695140828
T_out_elev_n:10631.296633934056
T_in_n:918.336440104058
T_in_elev_n:631.3951387020516
P_out:80506.70694214109
P_out_e:51443.785736028156
P_out_elev:46654.311329641874
P_out_e_elev:29812.104939641158
P_in:14490.23588976312
P_in_e:22224.288174483314
P_in_elev:9962.649961277522
P_in_e_elev:15280.137977419512
P_avg_mech:59835.302910937564
P_avg_elec:35413.55913495364
P_avg_mech_elev:34334.419268120204
P_avg_elec_elev:20000.0
max_cycle_power_elev:56058.33486419935
P_avg_mech_verif:59835.302910937564
P_avg_elec_verif:35413.55913495364
P_avg_mech_elev_verif:34334.419268120204
P_avg_elec_elev_verif:20000.0
A_proj_u:25.027113474270156
cycle_time:113.97436621308792
t_in:13.97436621308791
t_out:100.0
gamma_out_n_init:0.25
gamma_in_n_init:1.7889898989898991
A_proj_init:16.65
P_elec_opt_gamma_in:19376.752158571904
v_a_in:21.375299126794705
v_a_out:29.503937228795483
v_kc:28.76166751367941
E_out:828.1140267636343
E_in:59.31395668161023
SC_cap:71.17674801793227
rpm_n_out:179.9084253841395
rpm_n_in:646.8738471405761
GR_min:0.119938950256093
GR_n:0.11797273795681278
GR_max:0.0599694751280465
GR_motor:0.8624984628541015
gamma_out_v_w_adj:[0.26449849 0.3007015  0.33279412 0.36143878 0.3871628  0.41039121
 0.43147037 0.45068539 0.46827308 0.48443177 0.49932882 0.51310643
 0.52588623 0.53777281 0.54885667 0.55921645 0.56892087 0.57803021
 0.58659757 0.59466993 0.60228898 0.60949187 0.61631178 0.62277846
 0.62891868 0.63475653 0.64031383 0.64561031 0.65066392 0.65549098]
P_out_e_adj_wind:[15.61912844 17.57082106 19.52251369 21.47420631 23.42589894 25.37759156
 27.32928419 29.28097681 31.23266944 33.18436207 35.13605469 37.08774732
 39.03943994 40.99113257 42.94282519 44.89451782 46.84621044 48.79790307
 50.74959569 52.70128832 54.65298094 56.60467357 58.5563662  60.50805882
 62.45975145 64.41144407 66.3631367  68.31482932 70.26652195 72.21821457]
