v_w_n:10
v_w_adj:[ 7.          7.44827586  7.89655172  8.34482759  8.79310345  9.24137931
  9.68965517 10.13793103 10.5862069  11.03448276 11.48275862 11.93103448
 12.37931034 12.82758621 13.27586207 13.72413793 14.17241379 14.62068966
 15.06896552 15.51724138 15.96551724 16.4137931  16.86206897 17.31034483
 17.75862069 18.20689655 18.65517241 19.10344828 19.55172414 20.        ]
CL_out:1.06
A_proj:16.65135344665788
T_out_target:11000
rho:1.18
lc:250
CD_out:0.147
CD_in:0.099
eff_in:0.652
eff_out:0.639
P_avg_e_req:20000
max_reel_speed:25
a_elev_out:0.5235987755982988
a_elev_in:1.2217304763960306
SF_supercap:1.2
diameter_drum:0.46586
drum_circum:1.463542353601341
SF_force:1.35
rpm_min:1500
rpm_n:1525
rpm_max:3000
rpm_motor:750
F_out:55.11666435281597
F_in:0.099
P_w:590.0
P_elec_opt_gamma:27066.30184648508
gamma_out_n:0.43
gamma_in_n:1.7706060606060607
max_cycle_power:52099.94898377682
T_out_n:17592.76852951809
T_out_elev_n:10294.566495872832
T_in_n:746.597111565267
T_in_elev_n:519.9755195783038
P_out:75648.90467692778
P_out_e:48339.65008855685
P_out_elev:44266.63593225318
P_out_e_elev:28286.380360709783
P_in:13219.293705684411
P_in_e:20274.990346141734
P_in_elev:9206.7180633213
P_in_e_elev:14120.733225952912
P_avg_mech:58283.995078342436
P_avg_elec:34932.30021567922
P_avg_mech_elev:33817.90427159217
P_avg_elec_elev:20000.000000000004
max_cycle_power_elev:52104.18408899171
P_avg_mech_verif:58283.99507834245
P_avg_elec_verif:34932.300215679235
P_avg_mech_elev_verif:33817.90427159218
P_avg_elec_elev_verif:20000.000000000015
A_proj_u:16.65135344665788
cycle_time:112.67865375749192
t_in:12.678653757491931
t_out:100.0
gamma_out_n_init:0.25
gamma_in_n_init:1.971818181818182
A_proj_init:12.303121493609018
P_elec_opt_gamma_in:50880.12004430734
v_a_in:23.12187643574474
v_a_out:31.291909676263202
v_kc:30.58057873737638
E_out:785.7327884260801
E_in:49.731079865831816
SC_cap:59.67729583899818
rpm_n_out:176.28461476713602
rpm_n_in:725.8851332518507
GR_min:0.11752307651142402
GR_n:0.11559646869976133
GR_max:0.05876153825571201
GR_motor:0.9678468443358009
gamma_out_v_w_adj:[0.24313197 0.28062093 0.3138535  0.34351562 0.37015338 0.39420687
 0.41603477 0.43593232 0.45414473 0.47087738 0.48630358 0.50057059
 0.51380433 0.52611313 0.53759068 0.54831845 0.55836758 0.56780048
 0.57667216 0.58503125 0.59292094 0.60037967 0.60744183 0.61413822
 0.62049654 0.62654175 0.63229644 0.63778106 0.64301417 0.6480127 ]
P_out_e_adj_wind:[15.04310009 17.03491286 19.02672563 21.0185384  23.01035117 25.00216395
 26.99397672 28.98578949 30.97760226 32.96941503 34.9612278  36.95304057
 38.94485334 40.93666612 42.92847889 44.92029166 46.91210443 48.9039172
 50.89572997 52.88754274 54.87935551 56.87116829 58.86298106 60.85479383
 62.8466066  64.83841937 66.83023214 68.82204491 70.81385768 72.80567046]
