v_w_n:10
v_w_adj:[ 7.          7.44827586  7.89655172  8.34482759  8.79310345  9.24137931
  9.68965517 10.13793103 10.5862069  11.03448276 11.48275862 11.93103448
 12.37931034 12.82758621 13.27586207 13.72413793 14.17241379 14.62068966
 15.06896552 15.51724138 15.96551724 16.4137931  16.86206897 17.31034483
 17.75862069 18.20689655 18.65517241 19.10344828 19.55172414 20.        ]
CL_out:1.0720464426912995
A_proj:15.191039999599555
T_out_target:11100
rho:1.18
lc:250
CD_out:0.14927169826336975
CD_in:0.10293127475722369
eff_in:0.639
eff_out:0.652
P_avg_e_req:20000
max_reel_speed:25
a_elev_out:0.5235987755982988
a_elev_in:1.2217304763960306
SF_supercap:1.2
diameter_drum:0.46586
drum_circum:1.463542353601341
SF_force:1.35
rpm_min:1500
rpm_n:1525
rpm_max:3000
rpm_motor:750
F_out:55.721738006062665
F_in:0.10293127475722369
P_w:590.0
P_elec_opt_gamma:27859.75581570689
gamma_out_n:0.4095792459442661
gamma_in_n:1.7957575757575759
max_cycle_power:52671.90497631994
T_out_n:17409.54428395038
T_out_elev_n:10405.02874531561
T_in_n:721.0840529224098
T_in_elev_n:503.07367308772643
P_out:71305.88020053705
P_out_e:46491.43389075016
P_out_elev:42616.83827534781
P_out_e_elev:27786.17855552677
P_in:12948.921507933941
P_in_e:20264.35290756485
P_in_elev:9033.98359611475
P_in_e_elev:14137.689508786774
P_avg_mech:55657.92211479264
P_avg_elec:34093.42531890279
P_avg_mech_elev:33024.15181297332
P_avg_elec_elev:20000.000000000004
max_cycle_power_elev:48056.51743846145
P_avg_mech_verif:55657.92211479264
P_avg_elec_verif:34093.4253189028
P_avg_mech_elev_verif:33024.15181297332
P_avg_elec_elev_verif:20000.0
A_proj_u:15.191039999599555
cycle_time:74.95994998074384
t_in:13.921700978737766
t_out:61.038249002006076
v_a_in:23.351907411961555
v_a_out:32.74991887147553
v_kc:32.042516701837314
E_out:471.11657967868337
E_in:54.67241278584
SC_cap:65.606895343008
gamma_out_n_init:0.25
gamma_in_n_init:1.9466666666666668
A_proj_init:11.952725006019612
P_elec_opt_gamma_in:21335.83726041558
rpm_n_out:167.91283625092794
rpm_n_in:736.1963545525359
GR_min:0.11194189083395197
GR_n:0.11010677786946094
GR_max:0.05597094541697598
GR_motor:0.9815951394033813
gamma_out_v_w_adj:[0.21395946 0.25320417 0.28799315 0.31904447 0.34692977 0.37210979
 0.39495997 0.4157894  0.43485477 0.45237107 0.46851974 0.48345492
 0.49730845 0.51019372 0.52220882 0.53343901 0.54395877 0.55383346
 0.56312063 0.57187121 0.5801304  0.58793846 0.59533136 0.60234137
 0.60899747 0.61532581 0.62135001 0.62709149 0.6325697  0.63780232]
P_out_e_adj_wind:[14.37850329 16.46962363 18.56074397 20.65186431 22.74298465 24.83410499
 26.92522532 29.01634566 31.107466   33.19858634 35.28970668 37.38082702
 39.47194736 41.5630677  43.65418804 45.74530838 47.83642871 49.92754905
 52.01866939 54.10978973 56.20091007 58.29203041 60.38315075 62.47427109
 64.56539143 66.65651177 68.7476321  70.83875244 72.92987278 75.02099312]
