v_w_n:10
v_w_adj:[ 7.          7.44827586  7.89655172  8.34482759  8.79310345  9.24137931
  9.68965517 10.13793103 10.5862069  11.03448276 11.48275862 11.93103448
 12.37931034 12.82758621 13.27586207 13.72413793 14.17241379 14.62068966
 15.06896552 15.51724138 15.96551724 16.4137931  16.86206897 17.31034483
 17.75862069 18.20689655 18.65517241 19.10344828 19.55172414 20.        ]
CL_out:1.0720464426912992
A_proj:11.913837909764148
T_out_target:10300
rho:1.18
lc:250
CD_out:0.15079188254791945
CD_in:0.046319882165436296
eff_in:0.652
eff_out:0.639
P_avg_e_req:20000
max_reel_speed:25
a_elev_out:0.5235987755982988
a_elev_in:1.2217304763960306
SF_supercap:1.2
diameter_drum:0.46586
drum_circum:1.463542353601341
SF_force:1.35
rpm_min:1500
rpm_n:1525
rpm_max:3000
rpm_motor:750
F_out:54.62023715938671
F_in:0.046319882165436296
P_w:590.0
P_elec_opt_gamma:24425.378471995748
gamma_out_n:0.26
gamma_in_n:2.0
max_cycle_power:45118.71359332795
T_out_n:21024.260051024576
T_out_elev_n:14100.643721219398
T_in_n:293.03105867086146
T_in_elev_n:207.33837689958105
P_out:54663.076132663904
P_out_e:34929.70564877224
P_out_elev:36661.67367517044
P_out_e_elev:23426.80947843391
P_in:5860.621173417229
P_in_e:8988.682781314768
P_in_elev:4146.767537991621
P_in_e_elev:6360.072911030094
P_avg_mech:47700.172902760765
P_avg_elec:29877.14768778878
P_avg_mech_elev:31966.897252417282
P_avg_elec_elev:20000.000000000004
max_cycle_power_elev:36944.1264912702
P_avg_mech_verif:47700.17290276077
P_avg_elec_verif:29877.14768778878
P_avg_mech_elev_verif:31966.897252417282
P_avg_elec_elev_verif:20000.0
A_proj_u:11.913837909764148
cycle_time:108.65384615384615
t_in:12.500000000000002
t_out:96.15384615384616
