v_w_n:10
v_w_adj:[ 7.          7.44827586  7.89655172  8.34482759  8.79310345  9.24137931
  9.68965517 10.13793103 10.5862069  11.03448276 11.48275862 11.93103448
 12.37931034 12.82758621 13.27586207 13.72413793 14.17241379 14.62068966
 15.06896552 15.51724138 15.96551724 16.4137931  16.86206897 17.31034483
 17.75862069 18.20689655 18.65517241 19.10344828 19.55172414 20.        ]
CL_out:1.0720464426913001
A_proj:16.65
T_out_target:10300
rho:1.18
lc:250
CD_out:0.14656866641172872
CD_in:0.046319882165436234
eff_in:0.652
eff_out:0.639
P_avg_e_req:20000
max_reel_speed:25
a_elev_out:0.5235987755982988
a_elev_in:1.2217304763960306
SF_supercap:1.2
diameter_drum:0.46586
drum_circum:1.463542353601341
SF_force:1.35
rpm_min:1500
rpm_n:1525
rpm_max:3000
rpm_motor:750
F_out:57.76523476999003
F_in:0.046319882165436234
P_w:590.0
P_elec_opt_gamma:29903.762541815748
gamma_out_n:0.26
gamma_in_n:2.6
max_cycle_power:54603.55447650761
T_out_n:31073.933478861716
T_out_elev_n:20840.80314545708
T_in_n:589.710277738003
T_in_elev_n:434.0242501969349
P_out:80792.22704504046
P_out_e:51626.233081780854
P_out_elev:54186.08817818841
P_out_e_elev:34624.910345862394
P_in:15332.467221188079
P_in_e:23516.054020227115
P_in_elev:11284.630505120309
P_in_e_elev:17307.71549865078
P_avg_mech:72053.61847538332
P_avg_elec:44795.1160725074
P_avg_mech_elev:48234.20466152399
P_avg_elec_elev:29903.762541815748
max_cycle_power_elev:54603.55447650761
P_avg_mech_verif:72053.61847538332
P_avg_elec_verif:44795.1160725074
P_avg_mech_elev_verif:48234.204661523974
P_avg_elec_elev_verif:29903.76254181574
A_proj_u:11.135722454134376
cycle_time:105.76923076923077
t_in:9.615384615384615
t_out:96.15384615384615
