v_w_n:10
v_w_adj:[ 7.          7.44827586  7.89655172  8.34482759  8.79310345  9.24137931
  9.68965517 10.13793103 10.5862069  11.03448276 11.48275862 11.93103448
 12.37931034 12.82758621 13.27586207 13.72413793 14.17241379 14.62068966
 15.06896552 15.51724138 15.96551724 16.4137931  16.86206897 17.31034483
 17.75862069 18.20689655 18.65517241 19.10344828 19.55172414 20.        ]
CL_out:1.0720464426912975
A_proj:16.65
T_out_target:10300
rho:1.18
lc:250
CD_out:0.15081825844316146
CD_in:0.04631988216543614
eff_in:0.652
eff_out:0.639
P_avg_e_req:20000
max_reel_speed:25
a_elev_out:0.5235987755982988
a_elev_in:1.2217304763960306
SF_supercap:1.2
diameter_drum:0.46586
drum_circum:1.463542353601341
SF_force:1.35
rpm_min:1500
rpm_n:1525
rpm_max:3000
rpm_motor:750
F_out:54.60141765215436
F_in:0.04631988216543614
P_w:590.0
P_elec_opt_gamma:27940.708039152098
gamma_out_n:0.26
gamma_in_n:2.0
max_cycle_power:51612.90342081076
T_out_n:29372.005960513183
T_out_elev_n:19699.34686983409
T_in_n:409.5210262069457
T_in_elev_n:289.7625434830474
P_out:76367.21549733428
P_out_e:48798.65070279661
P_out_elev:51218.301861568645
P_out_e_elev:32728.494889542366
P_in:8190.420524138914
P_in_e:12561.994668924714
P_in_elev:5795.250869660948
P_in_e_elev:8888.421579234584
P_avg_mech:66639.34586654534
P_avg_elec:41739.4614122446
P_avg_mech_elev:44659.22057390507
P_avg_elec_elev:27940.708039152098
max_cycle_power_elev:51612.90342081076
P_avg_mech_verif:66639.34586654534
P_avg_elec_verif:41739.4614122446
P_avg_mech_elev_verif:44659.22057390507
P_avg_elec_elev_verif:27940.7080391521
A_proj_u:11.918094542678789
cycle_time:108.65384615384615
t_in:12.500000000000002
t_out:96.15384615384616
