v_w_n:10
v_w_adj:[ 7.          7.44827586  7.89655172  8.34482759  8.79310345  9.24137931
  9.68965517 10.13793103 10.5862069  11.03448276 11.48275862 11.93103448
 12.37931034 12.82758621 13.27586207 13.72413793 14.17241379 14.62068966
 15.06896552 15.51724138 15.96551724 16.4137931  16.86206897 17.31034483
 17.75862069 18.20689655 18.65517241 19.10344828 19.55172414 20.        ]
CL_out:0.8186561143860591
A_proj:16.65
T_out_target:10300
rho:1.18
lc:250
CD_out:0.11795707755357274
CD_in:0.093586683573548
eff_in:0.652
eff_out:0.639
P_avg_e_req:20000
max_reel_speed:25
a_elev_out:0.5235987755982988
a_elev_in:1.2217304763960306
SF_supercap:1.2
diameter_drum:0.46586
drum_circum:1.463542353601341
SF_force:1.35
rpm_min:1500
rpm_n:1525
rpm_max:3000
rpm_motor:750
F_out:39.4538416210457
F_in:0.093586683573548
P_w:590.0
CL_in:0.16923076930945907
P_elec_opt_gamma:18937.491148416615
gamma_out_n:0.25
gamma_in_n:1.7889898989898991
max_cycle_power:37294.40378525868
T_out_n:21801.08324049426
T_out_elev_n:14707.971866236423
T_in_n:715.1122039710561
T_in_elev_n:498.67556087835436
P_out:54502.70810123565
P_out_e:34827.23047668958
P_out_elev:36769.92966559106
P_out_e_elev:23495.985056312686
P_in:12793.28509548624
P_in_e:19621.602907187484
P_in_elev:8921.255412844985
P_in_e_elev:13682.90707491562
P_avg_mech:46251.56457790826
P_avg_elec:28151.27374305757
P_avg_mech_elev:31167.7458218811
P_avg_elec_elev:18937.491148416615
max_cycle_power_elev:37294.40378525868
P_avg_mech_verif:46251.56457790826
P_avg_elec_verif:28151.273743057573
P_avg_mech_elev_verif:31167.745821881097
P_avg_elec_elev_verif:18937.491148416615
A_proj_u:17.584166634862953
cycle_time:113.97436621308792
t_in:13.97436621308791
t_out:100.0
