v_w_n:10
v_w_adj:[ 7.          7.44827586  7.89655172  8.34482759  8.79310345  9.24137931
  9.68965517 10.13793103 10.5862069  11.03448276 11.48275862 11.93103448
 12.37931034 12.82758621 13.27586207 13.72413793 14.17241379 14.62068966
 15.06896552 15.51724138 15.96551724 16.4137931  16.86206897 17.31034483
 17.75862069 18.20689655 18.65517241 19.10344828 19.55172414 20.        ]
CL_out:1.0720464426912992
A_proj:14.708779100239637
T_out_target:10300
rho:1.18
lc:250
CD_out:0.15079188254791945
CD_in:0.046319882165436296
eff_in:0.652
eff_out:0.639
P_avg_e_req:20000
max_reel_speed:25
a_elev_out:0.5235987755982988
a_elev_in:1.2217304763960306
SF_supercap:1.2
diameter_drum:0.46586
drum_circum:1.463542353601341
SF_force:1.35
rpm_min:1500
rpm_n:1525
rpm_max:3000
rpm_motor:750
F_out:54.62023715938671
F_in:0.046319882165436296
P_w:590.0
P_elec_opt_gamma:24425.378471995748
gamma_out_n:0.411792927822878
gamma_in_n:2.0
max_cycle_power:45118.71359332795
T_out_n:16399.956742074326
T_out_elev_n:9779.993851365642
T_in_n:361.77503371660254
T_in_elev_n:255.9791737907352
P_out:67533.86202987334
P_out_e:43154.13783708907
P_out_elev:40273.32302143602
P_out_e_elev:25734.653410697618
P_in:7235.500674332051
P_in_e:11097.393672288421
P_in_elev:5119.583475814704
P_in_e_elev:7852.121895421325
P_avg_mech:54767.63553330215
P_avg_elec:33891.15479182062
P_avg_mech_elev:32522.874111310604
P_avg_elec_elev:20000.0
max_cycle_power_elev:45611.078455755334
P_avg_mech_verif:54767.63553330215
P_avg_elec_verif:33891.15479182061
P_avg_mech_elev_verif:32522.874111310597
P_avg_elec_elev_verif:19999.999999999996
A_proj_u:14.708779100239637
cycle_time:108.65384615384615
t_in:12.500000000000002
t_out:96.15384615384616
gamma_out_n_init:0.26
gamma_in_n_init:2.0
A_proj_init:11.913837909764148
P_elec_opt_gamma_in:21063.407925479925
v_a_in:25.235056119023543
v_a_out:32.264211269242686
v_kc:31.549114323614692
E_out:687.3571963484331
E_in:27.264312158691048
SC_cap:32.71717459042926
rpm_n_out:168.82036661648166
rpm_n_in:819.928440777377
GR_min:0.11254691107765444
GR_n:0.11070187974851256
GR_max:0.05627345553882722
GR_motor:1.0932379210365026
gamma_out_v_w_adj:[0.19915723 0.23929282 0.27487152 0.30662772 0.33514604 0.36089765
 0.38426655 0.40556881 0.42506697 0.44298091 0.45949616 0.47477038
 0.48893839 0.50211616 0.514404   0.52588913 0.53664769 0.54674654
 0.55624454 0.56519376 0.57364044 0.58162574 0.58918647 0.59635561
 0.6031628  0.6096348  0.61579576 0.62166757 0.62727013 0.63262154]
P_out_e_adj_wind:[13.78001478 15.85989384 17.93977291 20.01965198 22.09953105 24.17941012
 26.25928919 28.33916826 30.41904733 32.4989264  34.57880547 36.65868454
 38.73856361 40.81844268 42.89832175 44.97820082 47.05807989 49.13795896
 51.21783803 53.2977171  55.37759617 57.45747524 59.53735431 61.61723338
 63.69711245 65.77699152 67.85687059 69.93674966 72.01662873 74.0965078 ]
