v_w_n:10
v_w_adj:[ 7.          7.44827586  7.89655172  8.34482759  8.79310345  9.24137931
  9.68965517 10.13793103 10.5862069  11.03448276 11.48275862 11.93103448
 12.37931034 12.82758621 13.27586207 13.72413793 14.17241379 14.62068966
 15.06896552 15.51724138 15.96551724 16.4137931  16.86206897 17.31034483
 17.75862069 18.20689655 18.65517241 19.10344828 19.55172414 20.        ]
CL_out:1.06
A_proj:16.64479353648878
T_out_target:10300
rho:1.18
lc:250
CD_out:0.147
CD_in:0.099
eff_in:0.652
eff_out:0.639
P_avg_e_req:20000
max_reel_speed:25
a_elev_out:0.5235987755982988
a_elev_in:1.2217304763960306
SF_supercap:1.2
diameter_drum:0.46586
drum_circum:1.463542353601341
SF_force:1.35
rpm_min:1500
rpm_n:1525
rpm_max:3000
rpm_motor:750
F_out:55.11666435281597
F_in:0.099
P_w:590.0
P_elec_opt_gamma:27066.305691620546
gamma_out_n:0.4298838680560334
gamma_in_n:1.778888888888889
max_cycle_power:52099.94898377682
T_out_n:17593.00435872403
T_out_elev_n:10295.993207315938
T_in_n:750.7718548875504
T_in_elev_n:523.1798323621078
P_out:75629.4876445494
P_out_e:48327.24260486707
P_out_elev:44260.81385439621
P_out_e_elev:28282.66005295918
P_in:13355.397107499646
P_in_e:20483.737894938105
P_in_elev:9306.787906797052
P_in_e_elev:14274.214580977072
P_avg_mech:58310.74521826137
P_avg_elec:34934.85972212122
P_avg_mech_elev:33835.1837051734
P_avg_elec_elev:20000.000000000004
max_cycle_power_elev:52083.657303096916
P_avg_mech_verif:58310.74521826137
P_avg_elec_verif:34934.85972212122
P_avg_mech_elev_verif:33835.18370517341
P_avg_elec_elev_verif:20000.000000000007
A_proj_u:16.64479353648878
cycle_time:112.67670559311618
t_in:12.676705593116164
t_out:100.0
gamma_out_n_init:0.25
gamma_in_n_init:1.9721212121212124
A_proj_init:16.65
P_elec_opt_gamma_in:20007.783207706892
v_a_in:23.197580357633814
v_a_out:31.300244030797575
v_kc:30.588941342725903
E_out:785.6294465440363
E_in:50.26389332243676
SC_cap:60.316671986924106
rpm_n_out:176.23700482526556
rpm_n_in:729.2807964914336
GR_min:0.11749133655017704
GR_n:0.1155652490657479
GR_max:0.05874566827508852
GR_motor:0.9723743953219115
gamma_out_v_w_adj:[0.24196817 0.27952717 0.31282183 0.34253937 0.3692269  0.39332533
 0.41519402 0.43512874 0.45337518 0.47013909 0.48559412 0.49988778
 0.51314624 0.52547804 0.53697704 0.54772485 0.55779275 0.56724328
 0.57613154 0.58450625 0.59241068 0.59988335 0.6069587  0.6136676
 0.62003779 0.62609431 0.63185975 0.63735461 0.6425975  0.64760537]
P_out_e_adj_wind:[15.00365027 16.99600112 18.98835197 20.98070283 22.97305368 24.96540454
 26.95775539 28.95010624 30.9424571  32.93480795 34.92715881 36.91950966
 38.91186051 40.90421137 42.89656222 44.88891308 46.88126393 48.87361478
 50.86596564 52.85831649 54.85066735 56.8430182  58.83536905 60.82771991
 62.82007076 64.81242162 66.80477247 68.79712332 70.78947418 72.78182503]
